1
2
3
4
5
6
7
8
9
10
11
12
13
14
15
16
17
18
19
20
21
22
23
24
13972
13973
13974
13975
13976
13977
13978
13979
13980
13981
13982
13983
13984
13985
13986
13987
13988
13989
13990
13991
13992
13993
13994
13995
13996
13997
13998
14000
14009
14010
19703
19704
19705
19706
19707
19708
19709
19710
19711
19712
19713
19714
19715
19716
19717
19718
19719
19720
19722
19723
19724
19726
19727
24587
24588
24589
24590
24591
24592
24593
24594
24595
24596
24597
24598
24599
24600
24601
24602
24603
24604
24605
24606
24607
24614
24615
29124
29125
29126
29127
29128
29129
29130
29131
29132
29133
29137
29139
29140
29142
29144
29146
29147
29151
32868
32869
32870
32871
32872
32873
32874
32875
32876
32877
32878
32879
32880
32881
32882
32883
32885
32888
32889
32890
32891
32892
32893
32895
32900
32909
36415
36416
36417
36418
36419
36420
36421
36422
36423
36424
36426
36428
36429
36430
36432
40455
40456
40457
40458
40459
40460
40461
40462
40463
40464
40465
40466
40467
40470
40471
40475
43374
43375
43376
43377
43378
43379
43380
43381
43382
43384
43385
43386
43387
43389
43393
43397
49840
49842
49843
49844
49845
49846
49847
49848
49849
49850
49851
49853
49855
49857
52644
52645
52646
52647
52648
52649
52650
52651
52652
52653
52654
52655
52657
52658
52659
52660
55501
55502
55503
55504
55505
55506
55507
55508
55510
55511
55512
55519
55527
58094
58096
58097
58098
58099
58100
58101
58102
58103
58105
58110
58111
58113
58117
58119
60772
60773
60774
60775
60776
60777
60778
60779
60780
60781
60782
60783
60787
62852
62853
62854
62855
62856
62857
62858
62859
62860
62861
62862
62863
62864
62876
65131
65132
65133
65134
65135
65136
65137
65138
65139
65140
65141
65142
65143
65144
65146
65147
65148
65149
67492
67493
67494
67495
67496
67497
67498
67499
67500
67501
67502
67504
69449
69450
69451
69452
69453
69454
69455
69456
69457
69458
69459
69460
69461
69465
69469
71134
71135
71136
71137
71138
71139
71140
71141
71142
71143
71144
71145
71148
71149
71154
73023
73024
73025
73026
73027
73028
73030
73032
73033
74840
74841
74842
74843
74844
74845
74846
74847
74853
77013
77014
77015
77016
77017
77018
77019
77020
77021
77022
77023
77024
77027
77028
77032
78999
79000
79001
79002
79003
79004
79005
79006
79009
79010
79011
79986
79987
79988
79989
79990
79991
79992
79993
79999
81534
81535
81536
81537
81538
81539
83056
83057
83058
83059
83060
83061
83062
83063
83064
83065
83066
83068
83069
84827
84828
84829
84830
84831
84832
84833
84834
84835
84836
86430
86431
86432
86433
86434
86435
86436
86437
86438
86439
86442
87472
87473
87474
87475
87476
87477
87478
87479
87480
87481
87482
87483
87484
87486
87487
87491
89012
89013
89014
89015
89016
89017
89018
90367
90368
90369
90370
90371
90372
90375
91719
91720
91721
91723
91725
91728
92954
92955
92956
92957
92958
92959
92962
92965
94451
94452
94453
94454
94455
94456
94457
94459
94460
94461
94462
94467
95704
95705
95706
95707
95708
95709
95711
95712
95713
96974
96975
96976
96977
96979
96981
98125
98126
98127
98128
98129
98131
98132
98133
98136
99269
99270
99271
99272
99273
99274
99279
99281
100416
100417
100418
100419
100420
100424
101708
101709
101710
101712
101713
101716
102956
102957
102958
102959
102960
102961
102962
102964
102968
104623
104624
104625
104626
104627
104630
104631
104632
104634
105765
105766
105767
105768
105769
105770
105771
105773
106721
106722
106724
106726
106727
106728
106729
107679
107680
107681
107682
107683
107684
107685
107686
107687
107692
108733
108734
108735
108736
108739
108740
108742
108744
109879
109880
109881
109882
109883
110912
110913
110914
110916
112063
112064
112065
112066
112067
112068
113467
113468
113469
113470
113471
113477
114646
114647
114648
114650
114651
114652
114655
114656
114659
115752
115753
115754
115755
115758
116643
116644
116645
117555
117556
117557
117560
118801
118802
119622
119623
119624
119625
119626
120568
120569
120570
120571
120572
120573
120574
121703
121704
121705
121706
121707
121708
122579
122580
122581
122582
122583
122584
122586
122587
122589
122591
123601
123602
123603
123604
123605
123606
124600
124601
124602
124603
124604
124606
125238
125239
125240
125241
125242
125244
126049
126050
126051
126052
126053
126867
126868
126869
126870
126871
126872
126873
126874
126876
127701
127702
127704
127706
128380
128381
128384
129147
129148
129149
129150
129152
129153
129732
129733
129734
129735
129736
129737
129738
130204
130205
130206
130207
130208
130209
130211
130884
130885
130886
130887
131753
131754
131755
131756
131757
131758
132210
132211
132212
133100
133101
133102
133103
133104
133105
133107
133758
133759
133760
133761
133762
134369
134370
134371
134374
134927
134928
134929
134930
134931
135572
135573
135574
135575
135576
135577
135578
135580
136216
136217
136218
136219
136221
136963
136964
136965
136966
136967
136968
136969
137541
137542
137544
138068
138069
138070
138073
138783
138784
138785
138786
138788
139427
139428
139429
139430
139431
139433
140141
140142
140143
140144
140145
140828
140829
140830
140831
140832
140834
140835
141472
141473
141474
141475
141476
141477
141478
142109
142110
142504
142505
142506
142507
142508
143175
143176
143177
143178
143179
143180
143882
143883
144487
144488
144489
144490
145085
145086
145088
145631
145632
145633
145634
146225
146226
146227
146901
146902
146903
146904
146905
146906
146907
147504
147505
147506
147507
147508
147509
148105
148106
148107
148647
148648
148649
148651
148652
149178
149179
149741
149742
149743
149745
149746
149747
150291
150292
150293
150294
150295
150795
150796
151218
151219
151220
151221
151222
151888
151889
151890
151892
152443
152444
152445
152446
152447
152448
152450
152997
152998
152999
153000
153492
153493
153776
153777
153778
153780
153781
154275
154282
154745
154746
154747
154752
155335
155336
155337
155766
155767
156438
156439
156440
156442
156810
156811
156812
156815
157265
157266
157267
157268
157736
157737
157738
157739
157740
158206
158207
158603
158604
158605
158606
159027
159029
159030
159685
159686
159687
159992
159993
159994
160397
160398
160400
160401
161026
161027
161028
161029
161031
161486
161487
161765
161766
162153
162154
162155
162157
162158
162610
162611
162612
162614
163103
163104
163496
163497
163498
163499
164060
164061
164062
164064
164065
164549
164550
164552
165006
165007
165008
165009
165010
165274
165275
165276
165708
165709
165710
165711
166230
166231
166232
166878
166879
166880
167326
167327
167733
167734
167735
167736
167737
168143
168144
168145
168392
168393
168394
168395
168397
168944
168945
168946
168947
168948
169381
169382
169812
169813
169814
169815
169817
169819
170323
170324
170325
170732
170733
170734
170737
171173
171174
171646
171647
171648
171652
171654
172087
172088
172089
172571
172572
172996
172997
172998
172999
173001
173433
173434
173435
173438
173818
173819
174150
174151
174739
174740
174741
174742
174743
174751
175234
175235
175236
175542
175543
175544
176031
176032
176033
176034
176465
176466
176791
176792
176793
176794
176796
177131
177585
177589
178025
178505
178506
178507
178508
178819
178820
179199
179200
179201
179202
179203
179593
179594
179873
180178
180179
180180
180181
180531
180533
180774
180775
180776
180777
181143
181144
181145
181146
181537
181538
181795
181796
181798
182135
182136
182137
182138
182464
182465
182466
182805
182806
182807
183121
183462
183463
183464
183465
183466
183468
183862
183864
184106
184107
184108
184516
184517
184518
184519
184862
184863
184864
184865
185163
185164
185412
185413
185671
185980
185981
185982
186294
186295
186297
186566
186567
186569
186570
186950
186951
186953
187442
187443
187444
187673
187674
187675
187995
187996
188299
188300
188578
188579
188871
188872
188873
188876
189194
189195
189196
189623
189624
189625
189884
190212
190213
190446
190447
190450
190718
190719
190720
190722
191139
191140
191141
191447
191448
191449
191719
191720
191721
192122
192123
192124
192510
192511
192798
192799
192800
192801
192802
193076
193077
193078
193265
193266
193267
193268
193597
193598
193599
193971
193973
194278
194636
194637
194638
194993
194994
195306
195307
195612
195613
195614
195829
195830
195832
196208
196209
196423
196424
196425
196663
196664
196850
196851
197149
197376
197377
197378
197657
197658
197914
197915
197916
198094
198095
198096
198431
198432
198433
198644
198645
198646
198647
198940
198941
199139
199140
199142
199464
199726
199727
199972
200188
200190
200431
200432
200666
200667
200938
201215
201216
201469
201470
201632
201893
201894
201895
201897
202154
202155
202396
202752
202753
202754
203030
203031
203273
203574
203575
203772
203773
204085
204086
204087
204303
204304
204776
204777
205041
205042
205043
205046
205245
205246
205467
205468
205469
205696
205903
205904
206163
206422
206423
206424
206693
206694
206837
206838
206839
207133
207134
207331
207332
207333
207558
207824
207825
207826
208087
208089
208290
208292
208471
208472
208765
208766
209074
209075
209076
209352
209610
209611
209893
209894
209895
210076
210344
210345
210347
210610
210611
210612
210914
210915
210916
211118
211320
211321
211322
211608
211609
211833
211834
211835
212036
212291
212508
212664
212665
212912
212913
213180
213181
213458
213640
213641
213642
213644
213834
213835
213994
213995
214232
214449
214450
214656
214888
214889
215106
215320
215321
215492
215493
215698
215916
215917
216169
216170
216171
216436
216437
216438
216439
216440
216620
216774
216775
216779
217048
217049
217244
217245
217471
217472
217704
217890
217891
217892
217894
218190
218191
218192
218193
218194
218195
218196
218451
218609
218610
218780
218781
218782
218925
218926
219065
219066
219319
219321
219534
219535
219829
219830
220023
220024
220192
220193
220392
220686
220687
220890
220891
220892
220893
221108
221404
221518
221519
221520
221521
221712
221713
221714
221848
221849
221850
222057
222231
222232
222489
222490
222687
222856
222857
222968
223117
223272
223483
223484
223708
223709
223938
224131
224386
224549
224717
224718
224719
224720
224893
224894
225036
225224
225225
225226
225228
225423
225424
225425
225662
225895
226119
226120
226270
226414
226546
226547
226770
226914
227040
227041
227198
227199
227375
227376
227377
227549
227550
227676
227890
228065
228066
228067
228225
228421
228422
228423
228641
228642
228815
228816
228985
229168
229169
229378
229379
229380
229578
229579
229761
229763
229918
230046
230156
230157
230158
230389
230390
230615
230616
230778
230779
230930
231030
231268
231269
231343
231441
231442
231643
231790
231791
232031
232032
232033
232215
232370
232500
232595
232827
232915
233112
233113
233114
233263
233264
233442
233443
233614
233615
233780
233943
234126
234293
234294
234295
234297
234463
234616
234731
234875
234980
235156
235157
235315
235443
235607
235608
235609
235754
235931
236129
236130
236293
236294
236295
236447
236576
236759
236760
236891
236892
237108
237109
237287
237488
237489
237490
237613
237614
237616
237735
237736
237849
237850
237969
237970
238117
238201
238202
238415
238416
238574
238575
238675
238676
238848
239005
239006
239007
239188
239366
239367
239552
239553
239554
239710
239711
239712
239845
239970
239971
239972
240144
240145
240292
240407
240408
240409
240522
240691
240865
240866
240976
240977
241149
241150
241304
241305
241495
241496
241497
241627
241751
241752
241907
241908
242003
242149
242150
242304
242305
242485
242645
242757
242758
242759
242858
242859
243006
243007
243173
243337
243338
243471
243627
243628
243788
243789
243957
244048
244049
244179
244341
244491
244622
244761
244920
245058
245212
245351
245352
245523
245524
245525
245677
245678
245679
245800
245902
245903
246026
246193
246194
246329
246452
246453
246621
246622
246785
246786
246943
246944
247122
247123
247263
247426
247544
247545
247724
247725
247726
247847
247848
248017
248018
248235
248236
248355
248356
248489
248490
248491
248616
248746
248841
248972
248973
249106
249234
249395
249396
249545
249546
249658
249737
249738
249905
249906
250026
250186
250273
250424
250559
250560
250704
250849
250850
250960
251088
251089
251219
251220
251388
251389
251390
251517
251518
251648
251649
251824
251825
251935
251936
252098
252223
252224
252225
252380
252489
252490
252601
252602
252603
252692
252853
253004
253005
253149
253150
253151
253272
253445
253537
253650
253765
253877
253882
254091
254239
254363
254462
254463
254565
254566
254713
254714
254856
254995
254996
255077
255078
255266
255423
255569
255570
255683
255684
255685
255802
255804
255918
256045
256046
256140
256266
256448
256591
256683
256684
256796
256797
256798
256969
257122
257123
257124
257256
257257
257370
257371
257494
257574
257676
257787
257788
257905
258037
258038
258173
258325
258326
258327
258476
258594
258595
258730
258731
258888
258889
258890
259014
259015
259191
259263
259264
259397
259526
259669
259825
259983
259984
260121
260217
260218
260318
260319
260320
260430
260515
260636
260758
260759
260897
261008
261160
261161
261163
261289
261290
261291
261415
261537
261663
261791
261878
261879
261880
261984
262137
262138
262260
262361
262490
262639
262640
262775
262776
262906
262908
263043
263044
263216
263281
263337
263408
263409
263541
263542
263663
263730
263731
263814
263872
263980
264103
264104
264194
264270
264271
264272
264403
264486
264609
264610
264712
264805
264877
264940
264941
265044
265045
265137
265138
265256
265334
265432
265522
265634
265635
265761
265842
265888
265972
266058
266143
266196
266302
266303
266435
266530
266630
266631
266733
266815
266816
266895
266896
266897
267024
267025
267103
267262
267342
267397
267493
267494
267552
267553
267554
267679
267792
267901
268016
268111
268177
268282
268429
268523
268619
268620
268720
268879
269025
269122
269195
269265
269364
269468
269536
269619
269688
269689
269771
269772
269773
269853
269941
269942
269943
270026
270117
270192
270267
270268
270438
270544
270545
270639
270731
270732
270843
270844
270957
271063
271064
271121
271189
271319
271374
271375
271376
271454
271456
271581
271582
271666
271668
271767
271854
271942
272060
272150
272266
272378
272491
272577
272689
272757
272758
272875
272955
273051
273052
273182
273305
273306
273390
273391
273459
273460
273554
273619
273766
273845
273846
273951
274003
274120
274212
274280
274336
274404
274405
274490
274606
274607
274696
274797
274798
274846
274989
275078
275079
275184
275185
275316
275318
275381
275382
275514
275608
275609
275710
275838
275839
275936
276012
276013
276071
276152
276175
276282
276355
276424
276563
276564
276565
276670
276754
276846
276964
276965
277104
277105
277225
277226
277334
277380
277440
277500
277562
277653
277757
277758
277819
277820
277883
277885
277988
278050
278128
278180
278181
278301
278302
278376
278377
278435
278546
278694
278695
278765
278858
278860
278972
279010
279093
279188
279306
279458
279508
279595
279596
279652
279726
279728
279843
279956
280065
280151
280152
280243
280308
280309
280366
280457
280564
280682
280803
280804
280805
280939
280940
281020
281112
281113
281114
281215
281286
281323
281424
281497
281611
281692
281761
281875
281927
282022
282023
282102
282174
282242
282243
282365
282366
282511
282550
282594
282674
282738
282839
282967
283028
283097
283222
283223
283288
283289
283356
283504
283505
283568
283569
283650
283736
283772
283773
283868
283917
283961
283962
284055
284128
284219
284303
284378
284462
284463
284571
284691
284755
284756
284823
284824
284895
284943
285016
285017
285134
285135
285245
285284
285354
285434
285498
285526
285609
285663
285763
285894
285941
286011
286113
286205
286302
286372
286454
286543
286544
286643
286733
286779
286846
286983
287082
287131
287132
287226
287342
287449
287493
287637
287721
287829
287908
288000
288055
288139
288196
288197
288295
288364
288419
288479
288480
288591
288593
288645
288710
288711
288712
288772
288856
288922
288980
289038
289121
289237
289238
289281
289282
289356
289357
289465
289549
289628
289744
289745
289806
289875
289876
289936
289937
289988
290057
290164
290237
290265
290321
290322
290389
290390
290493
290612
290742
290787
290843
290901
290996
291068
291122
291205
291266
291315
291381
291433
291502
291591
291592
291703
291767
291862
291962
292023
292100
292154
292155
292248
292350
292417
292480
292532
292592
292628
292704
292792
292848
292899
292948
293028
293029
293106
293107
293180
293224
293312
293390
293391
293446
293501
293552
293586
293653
293721
293722
293786
293881
293938
294007
294095
294170
294171
294251
294252
294351
294352
294353
294433
294523
294583
294584
294629
294717
294790
294791
294865
294920
295011
295149
295212
295303
295347
295415
295514
295587
295636
295693
295694
295739
295820
295896
295997
296064
296113
296154
296222
296260
296343
296396
296450
296451
296482
296558
296638
296716
296810
296902
296985
297065
297145
297192
297193
297286
297356
297357
297422
297423
297486
297526
297588
297660
297716
297717
297768
297819
297936
298028
298066
298067
298133
298200
298265
298266
298337
298391
298442
298443
298498
298560
298574
298575
298664
298665
298711
298786
298841
298900
298985
298986
299031
299095
299152
299225
299336
299337
299409
299410
299477
299478
299559
299614
299615
299657
299658
299733
299785
299876
299963
300010
300011
300078
300140
300141
300198
300199
300268
300343
300383
300384
300472
300520
300579
300653
300654
300716
300786
300829
300902
300903
300984
301040
301115
301172
301173
301272
301351
301403
301405
301483
301544
301608
301609
301658
301709
301710
301795
301888
301977
302095
302162
302188
302288
302371
302450
302513
302571
302632
302687
302724
302781
302844
302845
302914
302967
302968
303022
303069
303153
303197
303272
303355
303441
303442
303503
303579
303651
303722
303760
303802
303869
303978
304040
304110
304111
304200
304201
304293
304294
304329
304403
304488
304520
304572
304573
304623
304681
304684
304742
304786
304841
304890
304960
305052
305113
305114
305171
305172
305228
305229
305275
305276
305315
305385
305454
305480
305535
305536
305624
305684
305730
305795
305841
305842
305906
305999
306054
306098
306150
306206
306264
306320
306369
306423
306506
306573
306620
306664
306732
306841
306894
306944
306945
306998
307059
307124
307210
307241
307327
307419
307420
307493
307579
307623
307718
307788
307828
307883
307928
307991
308067
308149
308212
308247
308305
308378
308446
308513
308561
308618
308662
308663
308723
308776
308835
308911
308989
309057
309142
309200
309267
309343
309395
309480
309539
309589
309590
309647
309679
309734
309791
309853
309854
309924
309983
310100
310153
310273
310337
310393
310442
310500
310501
310558
310687
310688
310763
310764
310852
310901
310972
311007
311008
311065
311066
311132
311185
311262
311317
311318
311371
311460
311515
311583
311584
311647
311715
311835
311870
311901
311949
311990
312030
312089
312160
312215
312288
312336
312337
312401
312481
312522
312585
312646
312728
312821
312874
312875
312921
312946
313009
313052
313120
313121
313189
313255
313308
313357
313423
313471
313543
313587
313588
313648
313713
313778
313850
313911
314007
314101
314147
314148
314208
314268
314336
314421
314468
314551
314603
314633
314729
314748
314809
314881
314913
314972
315001
315035
315085
315113
315160
315207
315258
315293
315449
315487
315527
315582
315655
315656
315725
315786
315829
315864
315865
315922
315923
315960
316007
316050
316103
316162
316219
316254
316303
316357
316417
316444
316485
316573
316574
316631
316656
316700
316734
316767
316828
316972
317031
317064
317135
317171
317206
317266
317330
317392
317451
317534
317553
317623
317695
317748
317788
317831
317853
317899
317959
318035
318082
318108
318151
318205
318249
318315
318372
318427
318475
318517
318567
318597
318635
318712
318758
318846
318893
318934
318971
319007
319053
319105
319173
319174
319238
319307
319388
319419
319420
319482
319533
319571
319616
319710
319781
319782
319832
319884
319929
319967
320013
320060
320104
320132
320159
320209
320237
320274
320275
320314
320358
320401
320430
320490
320515
320568
320620
320681
320804
320860
320861
320918
320996
321044
321092
321154
321229
321272
321315
321356
321407
321446
321495
321559
321617
321669
321726
321758
321817
321862
321922
321975
322029
322068
322107
322125
322170
322223
322287
322288
322316
322368
322416
322470
322515
322661
322662
322707
322772
322840
322841
322865
322912
322991
323043
323084
323085
323121
323185
323204
323264
323307
323333
323402
323474
323504
323579
323642
323682
323760
323781
323842
323901
323928
323929
323969
324040
324110
324152
324192
324224
324307
324364
324414
324450
324492
324537
324571
324620
324672
324718
324760
324798
324856
324923
324957
324988
325039
325110
325151
325206
325238
325289
325348
325379
325429
325460
325495
325534
325605
325658
325702
325739
325798
325830
325868
325869
325903
325924
325977
326024
326068
326102
326147
326148
326177
326230
326288
326331
326381
326441
326474
326521
326565
326605
326606
326648
326702
326738
326806
326833
326874
326916
326979
327018
327019
327066
327105
327128
327172
327233
327277
327340
327411
327443
327476
327516
327567
327614
327648
327693
327723
327780
327812
327857
327914
327960
328015
328073
328145
328146
328184
328204
328253
328303
328304
328337
328382
328446
328480
328534
328572
328641
328642
328663
328726
328759
328818
328819
328842
328901
328940
328981
329034
329075
329098
329154
329155
329209
329210
329252
329271
329318
329369
329428
329455
329492
329537
329597
329635
329659
329703
329704
329751
329786
329824
329854
329888
329889
329909
330020
330062
330088
330141
330194
330195
330239
330273
330311
330366
330430
330497
330520
330541
330585
330607
330671
330705
330772
330773
330808
330835
330872
330901
331017
331086
331142
331177
331192
331217
331251
331278
331308
331349
331375
331446
331504
331536
331577
331629
331630
331684
331726
331774
331830
331874
331926
331984
332107
332138
332171
332220
332242
332269
332325
332372
332421
332461
332527
332557
332587
332615
332671
332740
332762
332824
332874
332911
332912
332955
333007
333067
333120
333161
333162
333180
333207
333246
333278
333346
333404
333454
333496
333559
333615
333645
333684
333697
333738
333791
333820
333898
333939
334056
334073
334122
334147
334183
334244
334277
334334
334357
334478
334509
334542
334587
334620
334662
334691
334738
334768
334794
334823
334878
334924
334955
334999
335028
335080
335115
335166
335196
335246
335308
335343
335379
335435
335488
335549
335550
335582
335634
335682
335711
335742
335778
335807
335857
335876
335920
335942
335958
335993
336017
336076
336112
336176
336224
336266
336311
336356
336386
336405
336406
336448
336478
336530
336564
336591
336614
336652
336679
336721
336740
336771
336798
336834
336866
336913
336914
336946
336969
336995
337020
337072
337108
337155
337200
337201
337253
337294
337320
337373
337423
337470
337471
337501
337541
337588
337605
337649
337680
337728
337774
337814
337864
337909
337998
338058
338098
338143
338192
338231
338293
338294
338336
338377
338402
338463
338515
338559
338618
338677
338726
338772
338789
338811
338842
338883
338964
339039
339097
339130
339166
339204
339205
339261
339345
339391
339405
339427
339468
339510
339539
339583
339584
339609
339658
339711
339755
339779
339813
339859
339881
339931
340014
340074
340147
340174
340207
340260
340303
340346
340390
340436
340460
340490
340524
340553
340586
340625
340676
340702
340746
340762
340790
340815
340866
340891
340939
340973
340993
341035
341156
341207
341245
341284
341322
341348
341371
341419
341463
341509
341528
341570
341613
341646
341701
341744
341791
341833
341881
341904
341927
342056
342057
342094
342138
342163
342200
342232
342272
342287
342307
342354
342381
342408
342434
342464
342481
342510
342538
342580
342635
342690
342820
342854
342893
342915
342993
343031
343063
343088
343113
343136
343173
343229
343255
343302
343345
343381
343414
343445
343470
343495
343522
343561
343588
343672
343733
343760
343784
343829
343907
343942
343972
344078
344118
344178
344207
344225
344226
344283
344317
344342
344379
344404
344438
344491
344516
344557
344590
344629
344630
344707
344743
344769
344813
344832
344867
344884
344911
344942
345026
345061
345083
345101
345132
345185
345258
345276
345301
345334
345370
345393
345445
345462
345503
345552
345590
345631
345652
345693
345730
345747
345803
345852
345927
345946
345969
346017
346058
346146
346203
346264
346295
346332
346414
346466
346513
346550
346580
346628
346652
346699
346726
346754
346775
346817
346835
346853
346931
346961
346999
347028
347119
347142
347189
347236
347301
347336
347378
347397
347431
347511
347540
347569
347594
347641
347669
347704
347796
347824
347879
347933
347975
348019
348053
348087
348160
348180
348212
348243
348291
348384
348427
348468
348516
348559
348582
348607
348644
348663
348678
348731
348783
348809
348867
348896
348913
348973
349015
349033
349069
349105
349146
349216
349229
349256
349284
349306
349334
349345
349388
349414
349438
349457
349488
349529
349559
349589
349606
349632
349656
349711
349758
349783
349800
349834
349883
349888
349905
349917
349939
349985
350016
350052
350081
350103
350130
350155
350181
350208
350231
350276
350325
350364
350409
350430
350494
350531
350577
350595
350640
350659
350674
350737
350755
350793
350822
350840
350862
350903
350926
350955
351003
351052
351147
351175
351221
351249
351271
351301
351319
351422
351441
351471
351508
351546
351568
351589
351624
351658
351688
351718
351750
351788
351836
351878
351911
351939
352026
352053
352073
352108
352155
352192
352232
352256
352281
352303
352326
352346
352383
352412
352482
352496
352515
352551
352586
352613
352641
352661
352702
352726
352748
352780
352804
352824
352857
352889
352911
352931
352950
352985
353019
353029
353065
353094
353095
353110
353134
353170
353195
353229
353257
353332
353359
353376
353390
353427
353496
353530
353561
353603
353621
353653
353687
353716
353767
353797
353835
353851
353880
353901
353979
353996
354031
354048
354072
354087
354098
354142
354199
354213
354248
354312
354349
354384
354416
354449
354472
354544
354590
354612
354645
354675
354750
354820
354842
354891
354925
354967
355001
355036
355055
355099
355142
355178
355197
355211
355311
355333
355385
355443
355459
355492
355536
355593
355616
355646
355676
355697
355724
355759
355780
355835
355856
355870
355892
355940
355975
356006
356035
356061
356095
356110
356119
356150
356258
356337
356358
356395
356413
356446
356519
356560
356587
356617
356652
356686
356695
356713
356777
356863
356893
356900
356944
356966
356996
357039
357060
357101
357123
357152
357201
357222
357251
357336
357368
357399
357415
357439
357490
357531
357556
357623
357638
357679
357712
357738
357752
357772
357797
357835
357855
357875
357904
357932
357959
357983
358008
358042
358102
358117
358163
358179
358208
358240
358271
358292
358338
358354
358426
358462
358480
358502
358515
358546
358568
358588
358612
358639
358683
358720
358777
358825
358903
359008
359009
359027
359056
359088
359120
359205
359245
359266
359360
359398
359424
359446
359459
359484
359507
359527
359563
359596
359614
359646
359682
359721
359758
359768
359816
359862
359914
359971
359992
360020
360034
360108
360152
360168
360201
360227
360268
360290
360323
360363
360396
360409
360466
360513
360583
360611
360646
360664
360681
360704
360723
360750
360801
360830
360863
360886
360914
360947
360969
360999
361062
361166
361198
361224
361238
361254
361293
361382
361409
361430
361481
361499
361513
361559
361580
361608
361629
361658
361686
361713
361737
361775
361803
361859
361893
361917
361943
361978
362011
362028
362052
362154
362194
362220
362242
362262
362317
362352
362395
362417
362436
362471
362561
362593
362634
362679
362702
362723
362753
362767
362803
362849
362889
362918
362939
362990
363016
363048
363079
363178
363196
363205
363224
363244
363282
363322
363341
363374
363486
363513
363531
363572
363613
363673
363699
363716
363745
363788
363820
363834
363859
363911
363942
363986
364057
364082
364106
364137
364158
364196
364215
364264
364288
364307
364337
364370
364452
364494
364506
364537
364580
364643
364667
364695
364720
364777
364827
364858
364952
364993
365042
365197
365259
365275
365429
365460
365511
365539
365586
365632
365705
365727
365823
365839
365897
365936
365951
365967
365992
366019
366088
366115
366131
366150
366228
366253
366274
366307
366346
366369
366402
366444
366455
366511
366541
366566
366660
366671
366693
366717
366736
366757
366781
366810
366832
366846
366872
366889
366928
366950
366977
366990
367006
367012
367096
367125
367215
367240
367262
367281
367343
367376
367414
367434
367455
367477
367500
367519
367541
367566
367629
367654
367687
367702
367741
367764
367914
367941
367979
367994
368047
368066
368094
368218
368330
368336
368374
368400
368423
368452
368471
368494
368516
368531
368552
368569
368603
368650
368663
368683
368750
368789
368825
368834
368844
368861
368925
368958
368985
369022
369048
369070
369104
369194
369209
369229
369294
369328
369353
369371
369384
369408
369454
369465
369483
369508
369521
369609
369626
369662
369686
369722
369785
369826
369846
369904
369917
369938
369958
369974
370009
370023
370074
370097
370131
370155
370220
370243
370268
370324
370339
370368
370385
370413
370443
370466
370496
370519
370551
370583
370605
370635
370673
370705
370730
370810
370830
370904
370943
371012
371032
371058
371107
371163
371194
371219
371276
371291
371354
371382
371402
371431
371454
371479
371495
371528
371554
371636
371664
371695
371792
371817
371839
371855
371889
371914
371932
371948
371964
372000
372006
372027
372035
372061
372105
372172
372232
372270
372287
372314
372341
372352
372395
372513
372539
372565
372589
372605
372625
372641
372701
372726
372800
372811
372835
372857
372870
372958
373008
373040
373066
373137
373175
373247
373271
373314
373361
373392
373475
373506
373531
373572
373596
373695
373713
373725
373758
373791
373814
373830
373859
373885
373925
373952
374009
374039
374070
374087
374152
374172
374200
374210
374224
374258
374287
374320
374341
374474
374484
374527
374539
374558
374573
374598
374640
374659
374713
374755
374767
374785
374799
374848
374869
374934
374957
374986
375012
375053
375083
375125
375149
375165
375211
375227
375243
375260
375296
375351
375361
375383
375407
375438
375457
375498
375514
375679
375713
375768
375804
375823
375834
375845
375872
375890
375898
375921
375940
375972
376009
376025
376051
376082
376100
376138
376179
376193
376215
376223
376240
376345
376385
376412
376469
376486
376541
376599
376617
376634
376655
376675
376700
376715
376776
376793
376816
376841
376868
376910
376926
376939
376956
376979
376994
377020
377071
377088
377171
377200
377225
377244
377301
377369
377386
377401
377423
377470
377485
377544
377566
377589
377638
377652
377718
377800
377884
377904
377931
377950
377990
378017
378099
378116
378161
378175
378202
378231
378242
378261
378272
378283
378326
378344
378355
378384
378408
378428
378470
378491
378520
378546
378564
378611
378635
378654
378698
378859
378877
378891
378901
378929
378987
379000
379044
379056
379122
379167
379220
379238
379265
379281
379362
379409
379418
379446
379497
379521
379539
379556
379578
379593
379610
379618
379702
379715
379729
379756
379769
379821
379853
379867
379918
379940
380006
380037
380065
380181
380194
380232
380266
380285
380304
380358
380371
380454
380522
380562
380613
380635
380686
380700
380716
380742
380768
380787
380807
380867
380893
380937
380961
381068
381082
381095
381194
381219
381247
381262
381285
381332
381373
381387
381428
381435
381448
381521
381552
381565
381588
381601
381653
381674
381771
381788
381805
381829
381889
381905
381922
381987
382007
382032
382046
382071
382101
382118
382134
382151
382162
382201
382232
382316
382353
382368
382392
382398
382417
382449
382472
382524
382539
382558
382643
382681
382710
382741
382755
382842
382867
382878
382937
382949
382995
383026
383049
383079
383090
383142
383159
383293
383315
383342
383364
383375
383396
383436
383450
383464
383480
383547
383588
383640
383724
383769
383796
383814
383866
383930
383964
383976
384023
384043
384065
384093
384130
384148
384162
384226
384243
384251
384279
384305
384364
384428
384490
384525
384533
384552
384593
384608
384628
384669
384684
384704
384714
384749
384783
384798
384892
384902
384917
384935
384947
384969
385029
385217
385229
385283
385300
385325
385343
385351
385371
385421
385432
385540
385575
385593
385610
385657
385689
385702
385709
385780
385804
385818
385877
385896
385910
385926
385971
386041
386052
386068
386090
386132
386152
386175
386203
386218
386289
386310
386326
386338
386351
386373
386386
386419
386434
386465
386483
386501
386537
386572
386703
386739
386883
386897
386936
386989
387069
387090
387109
387126
387160
387286
387298
387341
387364
387375
387386
387446
387460
387478
387498
387520
387535
387577
387590
387629
387635
387657
387672
387688
387737
387784
387808
387819
387837
387885
387896
387935
387952
387966
387981
388072
388097
388125
388166
388182
388207
388219
388244
388270
388294
388326
388337
388396
388511
388534
388556
388569
388586
388611
388638
388692
388823
388835
388844
388865
388883
388905
388925
389041
389055
389084
389135
389156
389229
389266
389280
389333
389344
389361
389391
389415
389457
389484
389491
389540
389549
389573
389616
389625
389635
389656
389672
389686
389708
389713
389738
389768
389840
389857
389870
389888
389924
389929
389950
389962
390059
390069
390092
390116
390247
390314
390334
390347
390365
390428
390475
390527
390556
390606
390700
390746
390765
390787
390796
390862
390878
390901
390918
390934
390958
390965
390993
391004
391021
391070
391111
391127
391141
391154
391201
391222
391241
391256
391266
391340
391367
391402
391413
391430
391442
391475
391484
391512
391526
391538
391655
391669
391706
391725
391738
391745
391762
391791
391818
391823
391841
391847
391897
391915
391943
391961
391985
392003
392023
392070
392077
392095
392110
392131
392173
392203
392411
392435
392451
392462
392476
392495
392534
392617
392640
392658
392665
392744
392757
392790
392814
392827
392845
392923
392969
392983
392992
393020
393081
393102
393119
393134
393168
393190
393242
393372
393445
393464
393544
393611
393646
393725
393732
393780
393817
393881
393911
393946
393965
394013
394069
394095
394122
394142
394157
394198
394214
394241
394260
394294
394369
394379
394388
394451
394473
394491
394546
394559
394611
394632
394652
394667
394703
394743
394786
394847
394859
394877
394909
394923
394935
394979
394993
395039
395059
395151
395168
395174
395250
395326
395340
395353
395362
395425
395449
395508
395592
395764
395778
395902
396024
396073
396081
396100
396161
396195
396239
396251
396269
396288
396326
396358
396420
396447
396464
396513
396538
396562
396603
396613
396636
396677
396738
396753
396765
396777
396786
396807
396818
396829
396847
396885
396942
396949
396986
396999
397063
397112
397121
397134
397193
397258
397309
397325
397338
397350
397438
397577
397709
397742
397753
397829
397861
397873
397919
397967
397990
398000
398072
398106
398160
398173
398242
398257
398388
398489
398525
398628
398716
398729
398828
398834
398841
398861
398871
398894
398934
399007
399024
399124
399173
399188
399215
399307
399321
399352
399416
399430
399466
399540
399552
399582
399646
399714
399774
399953
399995
400004
400025
400059
400091
400117
400134
400146
400180
400191
400219
400269
400397
400399
400522
400644
400678
400688
400732
400749
400815
400837
400848
400929
400939
401014
401065
401082
401295
401307
401337
401412
401421
401441
401521
401536
401617
401677
401798
401816
401828
401887
401929
401939
401955
401985
402041
402058
402099
402109
402120
402274
402288
402334
402451
402474
402640
402650
402661
402706
402807
402874
402988
403015
403115
403356
403416
403431
403461
403467
403476
403486
403605
403614
403627
403768
403777
403796
403820
403946
403962
404050
404104
404119
404164
404177
404231
404263
404273
404286
404341
404364
404482
404557
404578
404621
404719
404762
404821
404834
404842
404882
404890
404913
404919
404989
405002
405051
405084
405154
405308
405353
405367
405558
405571
405680
405788
405844
405872
405967
405979
405989
406001
406092
406125
406187
406259
406348
406381
406423
406431
406445
406508
406533
406668
406699
406710
406733
406823
406832
406837
406901
406967
406990
407012
407021
407068
407121
407129
407177
407281
407314
407417
407632
407752
407764
407839
407847
407854
407859
407889
407912
407920
407983
408044
408102
408218
408229
408334
408347
408357
408415
408484
408514
408572
408602
408634
408643
408667
408688
408720
408726
408765
408803
408978
408989
409025
409074
409235
409319
409368
409454
409483
409506
409528
409587
409602
409672
409719
409889
409930
410024
410147
410157
410237
410251
410420
410452
410563
410615
410711
410788
410808
410898
410983
410993
411044
411081
411120
411130
411372
411380
411413
411506
411557
411600
411699
411786
411796
411836
411970
412087
412246
412322
412337
412376
412411
412423
412583
412598
412618
412660
412666
412690
412776
412782
412874
412943
413060
413073
413078
413294
413380
413733
413827
413909
413956
414063
414110
414170
414318
414449
414531
414663
414682
414864
415059
415173
415526
415657
415804
415841
415873
416142
416272
416423
416464
416663
416835
416915
417024
417167
417380
417511
417560
417762
417927
417991
418063
418084
418201
418303
418612
418808
418838
418900
419278
419454
419622
419834
420015
420234
420414
420607
421583
422176
422917
422994
423088
423096
423235
423891
424012
424017
424218
424379
424533
424564
424739
424786
425449
425514
425555
425840
426704
427144
427274
427297
427332
427801
428474
428825
429389
429804
430163
430780
432078
433253
439298
439875
439885
440491
441899
443567
450936
451406
478529
501649
