426695
267213
477730
255617
129781
345614
419715
258737
333169
380810
380414
325477
382216
104842
206716
41106
59390
355310
320379
442365
86204
296799
274228
120620
299237
382922
281621
127237
51818
348396
428694
127231
144549
209977
289657
281898
386640
292860
221675
454083
86198
305107
240776
93210
402514
117346
380488
248847
359499
192507
415292
312704
224436
99168
78
277529
347557
51856
300695
341618
30461
403457
167872
390174
448934
412975
392351
355725
260468
30453
129777
475057
427906
99150
383095
309724
544386
301201
353029
12
93172
51836
387601
462088
303671
275498
338656
358516
152866
354447
292278
423693
339201
219709
314358
159270
127230
144542
290465
114302
80753
241416
16978
104802
59394
304458
175438
331097
328957
159273
73680
120617
199150
330352
361188
456163
104828
331996
382592
445451
286223
149092
221673
140597
86211
387053
30462
364808
296236
120626
326800
402479
65
73685
30433
415120
183690
120622
333528
248848
224437
173542
223489
343098
327937
90
422667
323213
16979
428495
394566
123790
202068
323552
30479
282198
242072
370461
340152
261409
167876
451359
339612
422072
290750
93167
378583
196775
218653
213916
318565
194306
296797
180489
471630
318169
302806
120629
404923
506064
99156
73700
316126
165894
235353
270864
228508
135306
292000
51814
159266
305507
104830
393722
335752
424649
284560
294061
290468
185229
80763
408059
80758
301798
59387
354167
73706
73696
300341
86197
326458
41109
494294
73704
221681
395374
16949
351433
208809
301199
266306
44
273069
355961
344195
275495
287254
180488
319371
532127
79
165905
393917
349621
51813
398225
199144
348496
282200
165891
312449
302606
285602
343831
316382
198183
114313
358984
30496
248849
220778
431933
317772
324170
120628
412605
16968
428175
144540
86193
335971
165902
327940
396201
354641
349992
149089
305960
354318
371865
59418
182234
93208
16995
17015
86212
315086
291078
154963
346088
314917
273742
129778
482368
299236
170093
408650
385739
374071
428889
249938
283109
325066
406376
343397
198179
328381
16990
264820
373132
66090
508134
397602
173539
135308
360217
265734
41103
395925
357279
400888
251100
188239
375447
275172
16962
433327
99160
41117
177128
211765
150862
372209
41159
30451
326929
163941
41135
259177
198186
365759
301797
240778
51851
257809
367080
298936
335970
93179
299934
73716
123781
349020
288283
276190
273070
269758
347842
329916
291440
59408
257810
144531
260068
408152
292280
305512
406777
66085
138421
120624
230997
318170
291771
314918
195490
93184
183692
159263
362629
214814
142724
117358
270384
419288
437558
199143
16998
319895
208811
273480
230218
161363
104808
129789
421101
388492
239610
103
170090
173544
171918
66118
376669
381283
114306
150861
182246
51822
305961
375266
243673
351170
80746
93190
391673
41151
422713
238396
270115
159262
195488
357194
337748
353280
167879
324928
377169
99153
129786
200654
163950
416875
183687
3
253500
205586
376181
80749
129772
252560
223496
385150
249940
161371
51832
129787
150873
86199
240029
420507
279485
362406
299935
299657
251935
359185
334336
182236
59436
238397
343396
320752
152865
294062
397889
272037
321138
356290
336922
146872
150866
481437
207918
328239
521931
298152
80769
80740
320753
203465
16966
110581
207912
210747
384031
80741
41148
346627
404459
352713
228509
110
347656
254588
360521
276191
51835
286220
114321
407934
272551
328776
16950
422752
319687
374737
51829
339614
120638
73683
198184
231000
287937
379104
385080
443301
276710
369533
165896
278701
335419
284922
138426
230994
203461
463463
191221
163935
319889
66105
333374
86188
198180
398159
360972
104801
354524
299238
303271
330182
321998
358786
278700
132707
144547
359796
179009
30477
93202
