104798
110566
114300
120615
123773
135289
140592
144528
149088
150860
152864
154948
159261
161361
163932
165890
167867
170088
171905
173536
175435
177128
178998
180486
182233
183683
185229
188237
189944
191220
192506
194303
195486
196773
198179
199142
200653
202062
203459
204393
205582
206714
207911
208807
209975
210738
211756
212957
213907
214813
215567
216740
217716
218651
219708
220767
221673
222715
223484
224435
225517
226317
226995
227854
228508
229474
230214
230993
231879
232441
233087
233879
234535
235351
236045
236686
237483
238393
239022
239606
240028
240775
241415
242071
242515
242959
243669
244157
244672
245222
245939
246642
247039
247544
248237
248847
249381
249937
250636
251100
251546
251933
252559
253015
253500
253907
254586
255100
255612
256338
256887
257377
257808
258223
258735
259177
259713
260067
260465
261085
261407
262030
262551
263115
263605
264095
264498
264818
265345
265733
266299
266775
267211
267605
267946
268410
268840
269276
269755
270113
270383
270861
271246
271581
272037
272551
273067
273476
273741
274227
274689
275172
275494
275937
276189
276707
277178
277529
277945
278285
278698
279106
279484
279773
280151
280479
280854
281154
281617
281897
282197
282477
282780
283107
283474
283832
284147
284557
284921
285342
285600
285992
286220
286565
286848
287254
287571
287935
288283
288619
288927
289323
289656
289892
290196
290464
290749
291078
291440
291771
291998
292277
292572
292860
293191
293497
293759
294061
294303
294574
294962
295314
295562
295981
296235
296519
296795
297131
297529
297951
298152
298469
298753
298936
299236
299439
299657
299934
300120
300341
300695
301023
301199
301487
301797
302171
302431
302605
302806
303001
303271
303497
303669
303990
304269
304458
304742
305106
305261
305507
305741
305959
306108
306265
306496
306748
306966
307086
307309
307630
307900
308159
308470
308748
309021
309249
309409
309593
309724
310062
310273
310496
310704
310951
311140
311316
311505
311773
312110
312287
312449
312703
312924
313084
313303
313541
313747
314052
314358
314675
314916
315085
315318
315490
315656
315826
316125
316382
316683
316957
317207
317374
317568
317769
317943
318169
318402
318565
318779
318907
319121
319371
319553
319685
319889
320158
320378
320536
320752
320976
321138
321411
321637
321863
321998
322234
322384
322650
322886
323044
323212
323380
323552
323728
323982
324170
324323
324473
324676
324928
325066
325301
325477
325659
325835
325910
326049
326247
326458
326637
326800
326929
327054
327267
327437
327738
327937
328239
328380
328561
328776
328956
329150
329285
329502
329732
329916
330182
330350
330569
330742
330938
331094
331303
331451
331703
331830
331996
332139
332327
332508
332721
332891
332999
333168
333373
333528
333718
333901
334019
334170
334336
334448
334610
334829
335004
335203
335418
335588
335752
335970
336253
336439
336634
336790
336920
337057
337259
337450
337597
337748
337947
338106
338209
338375
338526
338655
338878
339047
339201
339311
339439
339612
339785
339972
340152
340308
340467
340632
340773
340843
340966
341073
341270
341452
341618
341801
341985
342103
342259
342383
342520
342614
342783
342981
343098
343227
343396
343552
343669
343831
343995
344090
344195
344358
344527
344653
344821
344914
345080
345268
345367
345446
345613
345729
345928
346088
346264
346373
346523
346627
346817
346986
347122
347255
347424
347557
347656
347841
347952
348050
348189
348302
348396
348495
348613
348804
348898
349020
349189
349346
349485
349621
349733
349838
349992
350144
350313
350548
350671
350781
350919
351045
351169
351336
351433
351574
351712
351886
352033
352165
352323
352408
352520
352617
352713
352872
353029
353174
353280
353380
353567
353699
353872
354004
354166
354318
354447
354524
354641
354750
354838
354955
355045
355204
355310
355528
355654
355725
355844
355961
356087
356205
356289
356427
356527
356672
356800
356914
357033
357194
357279
357430
357561
357697
357809
357902
358026
358170
358217
358362
358516
358655
358785
358890
358984
359112
359184
359254
359425
359498
359639
359699
359796
359960
360070
360217
360380
360521
360645
360773
360893
360972
361088
361188
361311
361428
361561
361716
361852
361975
362079
362186
362307
362406
362540
362629
362762
362867
362920
363011
363113
363264
363448
363532
363654
363780
363871
363972
364109
364197
364274
364332
364398
364509
364575
364667
364808
364905
365003
365141
365316
365367
365546
365659
365759
365907
366034
366108
366194
366317
366421
366489
366624
366685
366800
366952
367080
367215
367324
367416
367508
367634
367696
367785
367913
368015
368113
368197
368309
368428
368528
368610
368733
368821
368955
369080
369185
369296
369411
369533
369646
369817
369938
370018
370150
370239
370322
370460
370585
370655
370716
370871
370933
371047
371109
371188
371323
371429
371473
371578
371654
371789
371865
371954
372006
372075
372133
372209
372290
372365
372470
372577
372691
372778
372815
372936
373049
373132
373221
373348
373425
373549
373612
373730
373841
373936
373991
374071
374140
374189
374306
374413
374531
374620
374737
374803
374904
375008
375107
375170
375266
375386
375447
375572
375705
375813
375918
375970
376048
376117
376181
376295
376363
376470
376589
376668
376787
376840
376968
377008
377089
377169
377255
377325
377398
377482
377590
377719
377812
377918
377969
378069
378142
378219
378326
378436
378535
378583
378626
378745
378822
378943
378998
379103
379229
379309
379390
379473
379572
379655
379786
379872
379996
380091
380210
380301
380354
380414
380487
380556
380656
380699
380810
380894
380950
381024
381137
381213
381283
381417
381523
381581
381657
381721
381801
381898
381974
382061
382136
382216
382306
382424
382533
382592
382655
382757
382834
382921
383008
383095
383146
383237
383284
383346
383437
383532
383612
383739
383836
383896
384031
384106
384207
384329
384398
384490
384546
384642
384734
384785
384845
384934
385020
385080
385150
385230
385313
385343
385453
385559
385661
385739
385795
385878
385916
385952
386037
386163
386237
386304
386397
386479
386537
386640
386720
386797
386849
386924
386998
387053
387173
387269
387325
387424
387456
387539
387601
387678
387765
387820
387913
388019
388095
388192
388258
388303
388380
388443
388492
388549
388593
388672
388730
388787
388857
388958
389030
389109
389244
389295
389373
389428
389486
389570
389625
389696
389779
389816
389891
389986
390018
390096
390174
390254
390300
390346
390393
390429
390463
390520
390581
390653
390669
390780
390835
390933
391011
391106
391183
391265
391347
391439
391527
391604
391673
391767
391881
391958
391996
392084
392138
392208
392295
392351
392429
392491
392544
392593
392657
392736
392802
392904
392952
392993
393080
393145
393226
393301
393356
393404
393553
393605
393669
393722
393815
393870
393917
393984
394067
394102
394155
394217
394285
394353
394396
394464
394566
394664
394757
394799
394849
394942
395003
395079
395125
395186
395319
395374
395444
395486
395537
395588
395680
395732
395794
395868
395925
395978
396061
396140
396201
396250
396317
396377
396467
396543
396590
396624
396725
396789
396879
396937
397011
397062
397148
397204
397299
397348
397431
397485
397541
397602
397695
397774
397847
397889
397992
398077
398126
398159
398225
398310
398377
398436
398470
398507
398622
398660
398691
398762
398846
398891
398945
398996
399083
399120
399170
399214
399270
399346
399403
399474
399498
399568
399648
399693
399779
399808
399888
399948
400004
400083
400179
400224
400289
400411
400504
400578
400666
400733
400786
400824
400888
400997
401049
401119
401194
401283
401370
401427
401474
401510
401567
401625
401663
401705
401782
401856
401916
401955
402033
402092
402151
402203
402266
402309
402365
402423
402479
402514
402572
402624
402700
402801
402841
402924
402963
403032
403107
403186
403229
403273
403323
403355
403411
403457
403543
403583
403642
403704
403733
403807
403844
403903
403970
404038
404068
404138
404176
404257
404305
404389
404459
404518
404559
404618
404663
404719
404777
404835
404871
404923
404964
405032
405105
405155
405198
405234
405300
405366
405419
405458
405572
405619
405681
405716
405744
405817
405903
405960
406000
406032
406090
406142
406179
406229
406286
406331
406375
406436
406497
406557
406605
406650
406710
406777
406827
406858
406902
406947
406979
407052
407082
407128
407165
407204
407265
407306
407352
407372
407405
407463
407525
407549
407618
407700
407728
407758
407823
407890
407934
407991
408059
408112
408152
408163
408195
408268
408302
408340
408381
408434
408477
408565
408595
408650
408709
408760
408818
408877
408916
408954
409006
409053
409100
409154
409223
409279
409334
409395
409443
409471
409521
409564
409583
409674
409735
409809
409851
409893
409935
410006
410044
410087
410132
410178
410235
410304
410332
410401
410429
410495
410550
410616
410698
410733
410803
410872
410929
410970
411026
411076
411095
411146
411222
411258
411334
411380
411466
411512
411566
411603
411667
411697
411763
411799
411847
411885
411947
412004
412057
412098
412138
412173
412209
412271
412343
412382
412428
412515
412552
412605
412660
412714
412759
412801
412833
412869
412908
412975
413042
413061
413099
413176
413207
413288
413342
413363
413381
413452
413494
413531
413594
413641
413695
413755
413821
413876
413927
413973
414031
414064
414093
414226
414278
414325
414349
414396
414421
414486
414546
414577
414632
414679
414732
414791
414830
414878
414943
415010
415058
415088
415120
415149
415185
415258
415292
415359
415402
415446
415503
415546
415594
415646
415696
415716
415758
415822
415861
415895
415951
415999
416039
416073
416132
416163
416218
416264
416299
416339
416361
416393
416445
416472
416531
416546
416580
416606
416645
416704
416753
416796
416844
416875
416939
416998
417052
417123
417154
417237
417278
417339
417380
417420
417444
417495
417529
417565
417612
417660
417709
417736
417755
417812
417857
417900
417935
417988
418069
418109
418165
418247
418263
418306
418342
418365
418398
418459
418521
418561
418592
418643
418689
418731
418797
418845
418914
418942
418995
419055
419089
419138
419188
419208
419229
419262
419287
419326
419360
419407
419437
419477
419510
419539
419588
419633
419674
419715
419761
419810
419848
419883
419918
419951
420011
420054
420092
420146
420218
420252
420300
420317
420344
420396
420451
420470
420506
420546
420583
420642
420712
420778
420815
420857
420894
420903
420952
420993
421029
421056
421101
421147
421198
421266
421324
421351
421403
421447
421473
421500
421531
421566
421606
421640
421678
421728
421791
421849
421878
421921
421989
422029
422072
422121
422158
422201
422233
422257
422296
422354
422413
422455
422489
422540
422566
422606
422667
422713
422752
422798
422923
422957
422997
423040
423087
423132
423180
423233
423279
423341
423365
423410
423459
423489
423518
423580
423628
423653
423693
423732
423800
423857
423893
423954
424002
424034
424081
424138
424186
424213
424245
424304
424334
424376
424423
424496
424512
424542
424568
424611
424649
424721
424750
424817
424851
424880
424911
424968
425012
425038
425090
425108
425159
425211
425242
425287
425328
425362
425399
425458
425475
425508
425559
425580
425642
425706
425746
425787
425841
425853
425873
425913
425944
426002
426047
426074
426111
426149
426186
426229
426258
426280
426326
426368
426422
426468
426517
426541
426551
426583
426626
426652
426683
426695
426719
426791
426834
426885
426932
426987
427031
427062
427092
427113
427140
427181
427221
427254
427280
427327
427358
427380
427402
427453
427490
427543
427576
427600
427656
427698
427720
427757
427807
427835
427883
427906
427981
428022
428073
428118
428144
428175
428206
428252
428289
428340
428384
428423
428464
428495
428526
428559
428599
428629
428656
428694
428765
428813
428851
428889
428932
428951
429003
429035
429067
429110
429143
429180
429210
429241
429298
429333
429395
429439
429484
429523
429565
429616
429658
429705
429769
429811
429847
429892
429949
429994
430038
430060
430099
430140
430207
430254
430274
430314
430360
430394
430475
430496
430536
430582
430623
430671
430710
430727
430773
430808
430819
430864
430899
430944
430982
431006
431026
431061
431088
431127
431188
431211
431261
431291
431332
431364
431393
431411
431434
431464
431492
431552
431582
431623
431654
431698
431747
431780
431803
431835
431852
431893
431918
431933
431964
432013
432041
432084
432123
432140
432181
432209
432247
432280
432321
432348
432378
432433
432456
432486
432513
432555
432641
432685
432733
432752
432815
432843
432874
432924
432949
432990
433028
433064
433089
433109
433174
433242
433285
433327
433382
433422
433495
433516
433558
433594
433617
433651
433670
433703
433723
433764
433800
433821
433842
433896
433930
433968
433994
434048
434102
434136
434164
434253
434281
434318
434347
434378
434419
434456
434489
434532
434574
434605
434656
434699
434737
434766
434788
434825
434883
434896
434921
434971
434989
435036
435070
435092
435124
435166
435194
435226
435286
435304
435334
435379
435411
435433
435469
435498
435550
435612
435635
435674
435709
435748
435791
435839
435863
435898
435932
435976
436020
436059
436092
436105
436127
436136
436173
436205
436244
436287
436320
436337
436396
436409
436447
436480
436508
436546
436584
436639
436673
436709
436731
436755
436799
436857
436897
436990
437011
437051
437082
437107
437138
437186
437228
437252
437301
437321
437402
437445
437478
437526
437542
437558
437602
437646
437661
437697
437727
437759
437799
437830
437851
437860
437906
437925
437951
438001
438039
438072
438108
438171
438193
438218
438266
438295
438330
438349
438374
438428
438457
438494
438543
438565
438588
438623
438660
438673
438728
438752
438806
438851
438880
438916
438930
438958
438992
439041
439061
439154
439184
439214
439255
439289
439316
439343
439375
439400
439452
439467
439511
439558
439592
439636
439651
439683
439703
439740
439766
439796
439852
439875
439909
439956
440013
440035
440064
440107
440132
440159
440182
440206
440243
440273
440300
440338
440357
440387
440419
440455
440488
440521
440545
440593
440625
440653
440682
440701
440732
440770
440814
440845
440894
440922
440937
440980
441012
441055
441078
441128
441172
441211
441238
441261
441282
441308
441370
441412
441431
441452
441502
441531
441567
441590
441614
441624
441666
441746
441800
441821
441837
441917
441946
442002
442056
442078
442120
442165
442198
442220
442242
442323
442341
442365
442404
442448
442510
442536
442573
442604
442623
442645
442671
442721
442732
442773
442807
442825
442858
442900
443000
443038
443065
443088
443117
443152
443187
443204
443229
443253
443276
443301
443341
443381
443404
443440
443458
443488
443526
443556
443606
443639
443677
443707
443734
443751
443779
443802
443834
443848
443883
443958
443980
444005
444047
444080
444108
444140
444163
444196
444215
444243
444271
444307
444385
444395
444447
444466
444495
444520
444534
444578
444605
444624
444651
444692
444722
444756
444789
444834
444877
444904
444935
444944
444976
445005
445033
445058
445091
445101
445125
445144
445172
445191
445236
445250
445263
445285
445311
445343
445389
445418
445425
445451
445482
445508
445531
445556
445578
445611
445660
445685
445696
445718
445737
445806
445846
445865
445891
445922
445958
445989
446008
446030
446064
446084
446112
446136
446176
446187
446202
446242
446269
446318
446382
446416
446461
446487
446514
446544
446577
446598
446634
446666
446702
446730
446748
446771
446796
446831
446856
446880
446900
446912
446924
446949
446968
447001
447060
447089
447121
447142
447165
447187
447220
447237
447264
447301
447321
447350
447385
447414
447441
447472
447501
447519
447538
447566
447585
447644
447678
447715
447738
447785
447806
447829
447845
447873
447906
447920
447954
447973
448000
448078
448098
448127
448139
448171
448203
448228
448253
448293
448317
448337
448363
448371
448402
448422
448455
448470
448482
448503
448535
448558
448579
448605
448635
448682
448742
448769
448816
448836
448872
448934
448987
449018
449072
449102
449145
449163
449198
449216
449253
449275
449309
449341
449376
449437
449473
449513
449552
449604
449644
449672
449709
449746
449768
449825
449851
449889
449952
449988
450009
450032
450068
450105
450128
450161
450178
450198
450213
450242
450266
450287
450319
450366
450404
450434
450471
450490
450506
450537
450554
450571
450602
450636
450656
450682
450730
450749
450766
450784
450817
450835
450866
450884
450907
450934
450957
450988
451014
451057
451096
451132
451188
451220
451243
451276
451304
451325
451353
451359
451400
451449
451506
451536
451565
451623
451652
451686
451707
451740
451800
451817
451847
451873
451903
451952
451959
451984
452015
452041
452063
452100
452132
452147
452168
452190
452217
452247
452270
452303
452339
452391
452409
452440
452471
452490
452526
452547
452588
452615
452650
452668
452687
452724
452736
452760
452802
452828
452883
452953
452984
453004
453033
453054
453069
453088
453131
453155
453202
453247
453267
453289
453324
453354
453383
453401
453424
453443
453470
453496
453526
453555
453583
453614
453642
453667
453694
453731
453754
453794
453844
453864
453883
453912
453930
453946
454011
454024
454055
454083
454112
454126
454138
454168
454194
454227
454278
454302
454336
454357
454375
454391
454418
454441
454463
454483
454506
454517
454551
454568
454590
454611
454629
454660
454689
454715
454730
454766
454828
454895
454913
454934
454968
455041
455070
455082
455105
455151
455180
455196
455218
455239
455276
455303
455322
455334
455341
455372
455382
455405
455440
455468
455491
455521
455548
455572
455589
455617
455634
455657
455663
455688
455706
455730
455750
455796
455813
455833
455846
455865
455890
455917
455934
455966
456021
456088
456118
456146
456163
456194
456240
456261
456290
456311
456344
456359
456424
456442
456486
456495
456510
456533
456547
456577
456603
456629
456655
456673
456744
456765
456803
456854
456892
456925
456944
457029
457068
457091
457108
457142
457168
457198
457235
457265
457294
457325
457345
457369
457392
457411
457441
457487
457527
457559
457594
457611
457635
457668
457705
457737
457755
457790
457803
457832
457851
457879
457905
457927
457944
457970
457992
458055
458070
458099
458129
458148
458183
458201
458228
458254
458299
458329
458345
458366
458406
458431
458458
458507
458531
458588
458608
458634
458655
458704
458741
458775
458819
458850
458876
458890
458932
458941
458965
458984
459006
459036
459116
459127
459144
459161
459176
459187
459214
459241
459274
459308
459332
459354
459368
459392
459410
459422
459457
459486
459492
459520
459558
459579
459597
459633
459663
459692
459760
459771
459789
459800
459816
459846
459873
459885
459921
459948
459974
459991
460012
460026
460056
460089
460125
460156
460181
460207
460239
460259
460276
460292
460330
460352
460379
460398
460417
460441
460458
460481
460558
460580
460611
460622
460637
460674
460693
460750
460775
460789
460804
460849
460872
460892
460916
460932
460945
460979
461016
461054
461077
461101
461116
461127
461140
461162
461182
461187
461206
461231
461249
461270
461290
461309
461348
461365
461388
461402
461453
461486
461518
461544
461552
461570
461590
461633
461658
461677
461688
461711
461723
461752
461791
461821
461857
461937
461953
461984
462021
462043
462078
462088
462143
462167
462223
462251
462271
462296
462344
462396
462418
462446
462484
462498
462541
462567
462574
462587
462595
462627
462653
462682
462736
462766
462809
462825
462840
462847
462867
462882
462900
462946
462972
462991
463010
463023
463069
463100
463117
463136
463153
463171
463229
463247
463262
463282
463302
463335
463370
463387
463412
463432
463463
463536
463598
463623
463645
463672
463680
463716
463739
463765
463787
463814
463843
463881
463909
463947
463972
463999
464022
464040
464096
464113
464126
464141
464186
464216
464251
464269
464288
464311
464327
464346
464364
464384
464407
464425
464437
464477
464502
464523
464554
464566
464644
464658
464684
464697
464737
464753
464787
464810
464820
464835
464848
464862
464879
464898
464937
464973
464994
465014
465055
465075
465102
465114
465126
465138
465166
465185
465197
465210
465261
465302
465386
465414
465436
465448
465487
465536
465557
465572
465630
465647
465678
465697
465712
465742
465776
465798
465815
465841
465862
465880
465907
465925
465977
466008
466026
466046
466061
466088
466116
466193
466219
466236
466266
466282
466303
466323
466363
466376
466390
466416
466429
466443
466466
466498
466531
466545
466571
466588
466612
466621
466629
466651
466659
466679
466688
466723
466752
466770
466790
466822
466834
466861
466880
466901
466932
466954
467003
467025
467040
467066
467088
467102
467121
467181
467224
467243
467274
467317
467333
467371
467389
467414
467430
467457
467462
467483
467503
467518
467527
467556
467585
467602
467610
467622
467672
467691
467713
467718
467738
467763
467790
467816
467824
467839
467855
467914
467931
467944
467962
467989
468010
468024
468042
468080
468099
468114
468145
468165
468188
468210
468223
468255
468274
468310
468347
468363
468379
468453
468474
468490
468506
468525
468543
468569
468586
468618
468636
468664
468683
468705
468714
468731
468752
468796
468810
468819
468845
468853
468858
468899
468928
468953
468966
468985
468998
469017
469031
469050
469080
469103
469134
469156
469178
469201
469218
469246
469298
469314
469324
469344
469365
469379
469404
469442
469461
469482
469499
469518
469531
469557
469576
469594
469607
469632
469659
469673
469684
469691
469707
469728
469748
469765
469781
469801
469817
469834
469851
469872
469890
469908
469925
469985
470003
470056
470077
470098
470122
470140
470166
470189
470204
470212
470233
470261
470280
470301
470312
470338
470364
470374
470392
470409
470420
470433
470442
470469
470492
470500
470521
470553
470564
470609
470634
470661
470680
470699
470718
470739
470752
470771
470778
470802
470816
470837
470856
470868
471012
471046
471068
471082
471089
471140
471159
471171
471201
471218
471256
471268
471290
471299
471327
471347
471369
471381
471398
471420
471440
471458
471479
471498
471520
471542
471558
471569
471586
471609
471630
471642
471703
471726
471740
471758
471783
471798
471809
471830
471850
471865
471880
471896
471977
471983
472002
472021
472037
472053
472061
472078
472136
472163
472229
472284
472332
472348
472395
472413
472462
472479
472484
472562
472586
472609
472644
472652
472677
472714
472772
472848
472861
472875
472899
472957
472986
472993
473005
473018
473076
473087
473103
473107
473133
473156
473173
473190
473212
473234
473257
473276
473294
473313
473334
473360
473407
473432
473449
473457
473505
473522
473537
473562
473576
473604
473616
473627
473651
473705
473718
473763
473774
473786
473844
473861
473877
473915
473924
473939
474002
474017
474041
474065
474081
474097
474123
474145
474169
474196
474213
474229
474238
474251
474271
474289
474308
474323
474343
474359
474370
474391
474410
474439
474475
474492
474509
474523
474540
474559
474575
474595
474618
474635
474724
474733
474797
474842
474858
474873
474896
474915
474996
475057
475081
475098
475122
475138
475149
475201
475208
475243
475261
475273
475289
475306
475329
475353
475380
475403
475421
475436
475457
475501
475522
475557
475591
475622
475637
475668
475682
475695
475716
475739
475767
475826
475871
475884
475929
475982
475991
476012
476024
476046
476073
476101
476149
476156
476172
476209
476223
476242
476272
476292
476386
476396
476413
476421
476430
476449
476507
476543
476553
476567
476583
476590
476663
476691
476705
476730
476769
476790
476809
476818
476845
476857
476873
476909
477011
477046
477056
477080
477101
477129
477143
477178
477207
477222
477239
477252
477280
477305
477320
477351
477368
477382
477465
477508
477520
477550
477557
477569
477606
477626
477659
477677
477704
477713
477730
477744
477771
477785
477803
477811
477876
477883
477901
477933
477955
477969
478057
478076
478088
478101
478109
478126
478155
478173
478179
478191
478209
478226
478250
478261
478270
478293
478317
478330
478344
478353
478374
478388
478412
478422
478435
478447
478463
478523
478532
478548
478567
478627
478637
478653
478672
478741
478753
478774
478857
478877
478890
478913
478963
478973
478979
478997
479015
479028
479077
479093
479111
479124
479136
479158
479175
479224
479241
479262
479304
479335
479359
479373
479386
479403
479424
479435
479472
479498
479530
479543
479593
479617
479639
479670
479678
479691
479712
479733
479749
479793
479808
479847
479890
479950
479970
479981
479996
480008
480071
480112
480127
480161
480169
480187
480273
480284
480349
480367
480390
480404
480422
480434
480471
480494
480500
480526
480543
480596
480637
480649
480664
480676
480689
480706
480715
480723
480734
480747
480791
480800
480824
480862
480877
480894
480933
480948
480963
480980
480999
481035
481044
481053
481124
481146
481168
481220
481234
481253
481286
481422
481437
481474
481512
481524
481579
481588
481608
481616
481640
481670
481691
481738
481755
481775
481827
481846
481860
481881
481911
481925
481946
481971
481987
482004
482015
482071
482086
482102
482131
482144
482154
482173
482193
482235
482280
482355
482368
482411
482419
482444
482450
482463
482483
482518
482561
482576
482582
482592
482605
482619
482630
482639
482654
482707
482754
482761
482769
482780
482788
482804
482827
482846
482861
482896
482910
482918
482932
482945
483008
483023
483037
483054
483133
483154
483172
483193
483204
483272
483286
483302
483309
483319
483351
483362
483378
483394
483444
483462
483493
483505
483550
483558
483577
483591
483606
483621
483658
483712
483734
483745
483764
483803
483811
483838
483856
483871
483878
483889
483901
483943
483958
484025
484043
484090
484119
484138
484145
484167
484183
484224
484243
484255
484371
484454
484469
484500
484515
484536
484558
484575
484604
484614
484641
484679
484758
484771
484803
484815
484838
484856
484869
484893
484914
484939
485016
485028
485067
485078
485090
485108
485147
485150
485176
485190
485220
485229
485253
485269
485283
485302
485325
485335
485375
485413
485426
485434
485496
485532
485544
485576
485592
485627
485656
485662
485720
485734
485779
485809
485821
485846
485853
485865
485880
485931
485934
485953
486000
486016
486025
486084
486092
486106
486141
486202
486206
486211
486257
486270
486288
486315
486321
486353
486365
486378
486391
486404
486427
486432
486478
486488
486499
486500
486508
486514
486570
486583
486594
486600
486622
486630
486634
486641
486651
486692
486705
486729
486747
486767
486812
486825
486852
486861
486870
486876
486895
486935
486974
487010
487029
487035
487063
487148
487182
487202
487255
487270
487290
487337
487353
487365
487394
487413
487442
487489
487515
487538
487549
487562
487586
487605
487633
487650
487676
487705
487724
487731
487740
487756
487779
487797
487815
487825
487887
487913
487941
487950
487967
487978
488002
488012
488028
488035
488044
488062
488079
488114
488158
488169
488189
488202
488214
488252
488317
488334
488356
488366
488393
488407
488433
488449
488464
488473
488488
488498
488586
488601
488613
488623
488649
488699
488711
488730
488755
488767
488783
488794
488807
488826
488836
488864
488883
488898
488963
489021
489043
489067
489098
489153
489163
489179
489186
489209
489230
489243
489257
489273
489297
489313
489355
489390
489440
489445
489455
489479
489542
489575
489588
489591
489606
489615
489627
489652
489677
489688
489707
489723
489746
489757
489795
489843
489922
489932
489945
489955
489973
489987
490010
490050
490090
490099
490123
490195
490209
490219
490276
490297
490322
490336
490370
490385
490437
490450
490454
490482
490502
490582
490593
490610
490621
490646
490655
490703
490711
490758
490773
490791
490797
490848
490885
490906
490925
490938
490975
491067
491094
491123
491146
491158
491210
491251
491262
491277
491295
491334
491361
491410
491423
491425
491433
491452
491461
491488
491496
491513
491523
491528
491532
491549
491560
491593
491610
491625
491682
491698
491703
491715
491721
491753
491764
491783
491794
491839
491846
491874
491910
491929
491938
491945
492025
492045
492058
492067
492095
492127
492138
492154
492160
492219
492232
492292
492305
492336
492373
492389
492403
492435
492454
492470
492516
492528
492536
492560
492576
492592
492654
492718
492756
492773
492784
492807
492818
492827
492841
492848
492863
492914
492946
492958
492997
493009
493016
493024
493041
493130
493162
493240
493261
493286
493327
493332
493341
493349
493359
493394
493402
493412
493501
493516
493539
493611
493620
493634
493642
493646
493662
493684
493760
493781
493789
493801
493822
493836
493865
493872
493893
493927
493947
494026
494052
494118
494234
494253
494265
494274
494280
494294
494349
494358
494369
494393
494430
494484
494540
494550
494552
494580
494590
494611
494636
494646
494739
494746
494758
494772
494830
494837
494845
494848
494865
494897
494904
494920
494928
494938
494948
494959
494983
495004
495012
495028
495040
495052
495056
495070
495083
495101
495123
495163
495174
495232
495259
495304
495340
495353
495361
495386
495391
495396
495414
495426
495460
495469
495541
495558
495563
495620
495662
495678
495709
495721
495752
495779
495820
495828
495866
495879
495895
495905
495918
495938
495948
495950
495959
495967
496054
496062
496085
496141
496153
496187
496199
496239
496243
496264
496275
496295
496328
496341
496389
496463
496471
496478
496557
496605
496639
496701
496709
496718
496731
496752
496881
496895
496898
496928
496936
496945
496961
496992
497008
497049
497078
497138
497144
497150
497159
497214
497224
497236
497241
497268
497277
497326
497332
497345
497379
497456
497477
497496
497556
497577
497598
497609
497639
497666
497722
497735
497748
497753
497791
497833
497841
497907
497930
497989
497998
498051
498109
498197
498263
498275
498301
498317
498328
498335
498419
498437
498446
498587
498593
498605
498621
498641
498648
498652
498682
498689
498698
498764
498801
498812
498865
498877
498941
499014
499029
499071
499080
499101
499151
499182
499190
499205
499241
499245
499284
499351
499376
499394
499436
499448
499463
499470
499481
499548
499559
499574
499613
499623
499637
499672
499685
499720
499744
499761
499772
499807
499846
499876
499964
499967
499986
500026
500061
500066
500072
500079
500104
500129
500142
500168
500181
500229
500254
500263
500302
500332
500376
500399
500406
500452
500460
500467
500498
500506
500507
500522
500552
500592
500608
500626
500635
500824
500863
500911
500923
500992
501025
501129
501185
501291
501301
501334
501341
501355
501371
501377
501516
501590
501618
501653
501711
501723
501738
501750
501801
501866
501888
501897
502024
502028
502132
502164
502181
502192
502206
502213
502233
502339
502365
502409
502420
502464
502473
502539
502551
502749
502783
502884
502918
503031
503036
503057
503065
503120
503184
503189
503265
503372
503382
503406
503520
503609
503663
503750
503777
503787
503792
503884
503896
503902
503924
503931
504003
504014
504023
504058
504088
504099
504177
504185
504194
504222
504231
504307
504329
504344
504420
504434
504517
504523
504549
504576
504640
504661
504696
504699
504703
504714
504781
504798
504801
504878
504885
504914
505074
505085
505102
505253
505275
505307
505330
505379
505427
505453
505477
505550
505604
505677
505722
505951
505962
506064
506140
506252
506275
506286
506290
506301
506316
506388
506495
506591
506638
506656
506661
506796
506840
506913
506973
507008
507020
507180
507284
507298
507365
507450
507537
507602
507634
507670
507715
507869
507875
507912
508034
508063
508071
508079
508127
508134
508146
508187
508198
508223
508331
508358
508364
508387
508395
508540
508549
508618
508628
508648
508790
508808
508815
508865
508874
508886
508894
508904
508922
509089
509099
509197
509283
509307
509335
509362
509561
509660
509699
509706
509740
509805
509857
509893
509994
510081
510089
510126
510148
510359
510421
510533
510565
510599
510710
510736
510792
510812
510844
510871
510888
510907
510974
511090
511108
511165
511368
511398
511436
511444
511546
511792
511812
511855
511897
511963
511982
512172
512180
512233
512293
512475
512508
512513
512561
512624
512686
512691
512716
512787
512978
513068
513084
513180
513322
513340
513491
513524
513553
513617
513640
513658
513757
513979
513984
514207
514253
514700
514770
514812
514846
514879
514893
514944
515232
515238
515309
515347
515357
515777
516491
516525
516556
516839
517016
517321
517344
517486
517542
517617
517702
517794
517956
517994
518323
518358
518438
518715
518759
519747
520188
520742
520784
521231
521254
521420
521442
521879
521913
521931
522517
522537
523126
524084
524223
524364
524679
525000
525174
525252
525516
525710
526410
526649
527368
527538
527544
527992
529353
530404
530529
532127
532881
533633
534166
538541
543284
544386
547014
547179
549488
578347
