4.266950000000000000e+05
4.777300000000000000e+05
4.197150000000000000e+05
3.808100000000000000e+05
3.804140000000000000e+05
3.254770000000000000e+05
3.822160000000000000e+05
3.553100000000000000e+05
4.423650000000000000e+05
3.483960000000000000e+05
4.286940000000000000e+05
3.866400000000000000e+05
2.928600000000000000e+05
4.540830000000000000e+05
4.025140000000000000e+05
2.488470000000000000e+05
4.152920000000000000e+05
2.775290000000000000e+05
3.475570000000000000e+05
3.006950000000000000e+05
3.416180000000000000e+05
4.034570000000000000e+05
3.901740000000000000e+05
4.489340000000000000e+05
4.129750000000000000e+05
3.923510000000000000e+05
3.557250000000000000e+05
4.750570000000000000e+05
4.279060000000000000e+05
3.830950000000000000e+05
3.097240000000000000e+05
5.443860000000000000e+05
3.530290000000000000e+05
3.876010000000000000e+05
4.620880000000000000e+05
3.585160000000000000e+05
3.544470000000000000e+05
4.236930000000000000e+05
3.392010000000000000e+05
3.143580000000000000e+05
3.044580000000000000e+05
3.611880000000000000e+05
4.561630000000000000e+05
3.319960000000000000e+05
3.825920000000000000e+05
4.454510000000000000e+05
2.216730000000000000e+05
3.870530000000000000e+05
3.648080000000000000e+05
3.268000000000000000e+05
4.024790000000000000e+05
4.151200000000000000e+05
3.335280000000000000e+05
3.430980000000000000e+05
3.279370000000000000e+05
4.226670000000000000e+05
4.284950000000000000e+05
3.945660000000000000e+05
3.235520000000000000e+05
3.401520000000000000e+05
4.513590000000000000e+05
3.396120000000000000e+05
4.220720000000000000e+05
3.785830000000000000e+05
3.185650000000000000e+05
4.716300000000000000e+05
3.181690000000000000e+05
3.028060000000000000e+05
4.049230000000000000e+05
5.060640000000000000e+05
2.285080000000000000e+05
3.055070000000000000e+05
3.937220000000000000e+05
3.357520000000000000e+05
4.246490000000000000e+05
2.940610000000000000e+05
1.852290000000000000e+05
4.080590000000000000e+05
3.003410000000000000e+05
3.264580000000000000e+05
4.942940000000000000e+05
3.953740000000000000e+05
3.514330000000000000e+05
3.011990000000000000e+05
3.559610000000000000e+05
3.441950000000000000e+05
2.872540000000000000e+05
3.193710000000000000e+05
5.321270000000000000e+05
3.939170000000000000e+05
3.496210000000000000e+05
3.982250000000000000e+05
3.124490000000000000e+05
3.438310000000000000e+05
3.163820000000000000e+05
3.589840000000000000e+05
4.319330000000000000e+05
3.241700000000000000e+05
4.126050000000000000e+05
4.281750000000000000e+05
3.962010000000000000e+05
3.546410000000000000e+05
3.499920000000000000e+05
3.543180000000000000e+05
3.718650000000000000e+05
2.910780000000000000e+05
3.460880000000000000e+05
4.823680000000000000e+05
2.992360000000000000e+05
4.086500000000000000e+05
3.857390000000000000e+05
3.740710000000000000e+05
4.288890000000000000e+05
3.250660000000000000e+05
1.981790000000000000e+05
3.731320000000000000e+05
5.081340000000000000e+05
3.976020000000000000e+05
3.602170000000000000e+05
3.959250000000000000e+05
3.572790000000000000e+05
4.008880000000000000e+05
2.511000000000000000e+05
3.754470000000000000e+05
2.751720000000000000e+05
4.333270000000000000e+05
1.771280000000000000e+05
3.722090000000000000e+05
3.269290000000000000e+05
2.591770000000000000e+05
3.657590000000000000e+05
3.017970000000000000e+05
3.670800000000000000e+05
2.989360000000000000e+05
3.359700000000000000e+05
2.999340000000000000e+05
3.490200000000000000e+05
2.882830000000000000e+05
3.299160000000000000e+05
2.914400000000000000e+05
4.081520000000000000e+05
4.067770000000000000e+05
2.917710000000000000e+05
3.626290000000000000e+05
4.375580000000000000e+05
4.211010000000000000e+05
3.884920000000000000e+05
3.812830000000000000e+05
3.752660000000000000e+05
3.916730000000000000e+05
4.227130000000000000e+05
3.571940000000000000e+05
3.377480000000000000e+05
3.532800000000000000e+05
3.249280000000000000e+05
3.771690000000000000e+05
4.168750000000000000e+05
2.535000000000000000e+05
3.761810000000000000e+05
3.851500000000000000e+05
3.624060000000000000e+05
2.996570000000000000e+05
3.343360000000000000e+05
3.433960000000000000e+05
3.207520000000000000e+05
3.978890000000000000e+05
2.720370000000000000e+05
3.211380000000000000e+05
4.814370000000000000e+05
3.282390000000000000e+05
5.219310000000000000e+05
2.981520000000000000e+05
3.840310000000000000e+05
3.466270000000000000e+05
4.044590000000000000e+05
3.527130000000000000e+05
3.476560000000000000e+05
3.605210000000000000e+05
2.862200000000000000e+05
4.079340000000000000e+05
2.725510000000000000e+05
3.287760000000000000e+05
4.227520000000000000e+05
3.747370000000000000e+05
3.850800000000000000e+05
4.433010000000000000e+05
3.695330000000000000e+05
4.634630000000000000e+05
3.198890000000000000e+05
3.981590000000000000e+05
3.609720000000000000e+05
3.545240000000000000e+05
3.032710000000000000e+05
3.301820000000000000e+05
3.219980000000000000e+05
3.597960000000000000e+05
