1
2
3
4
6
7
9
10
11
12
13
14
15
16
17
18
19
20
21
23
24
25
26
27
28
29
30
31
32
33
35
36
37
38
39
40
41
43
44
45
46
47
48
51
52
53
54
55
56
57
60
61
62
63
64
65
66
67
68
69
70
74
75
76
77
78
79
80
81
85
86
88
89
90
91
95
98
101
102
103
105
106
109
110
112
118
119
132
148
16938
16939
16940
16941
16942
16943
16944
16945
16946
16947
16948
16949
16950
16951
16952
16953
16954
16955
16956
16957
16958
16959
16960
16961
16962
16963
16964
16965
16966
16967
16968
16969
16970
16971
16972
16973
16974
16975
16976
16977
16978
16979
16980
16982
16983
16984
16985
16987
16988
16989
16990
16992
16995
16996
16997
16998
17003
17004
17006
17015
17017
17018
17019
17021
17034
17036
17037
30431
30432
30433
30434
30435
30436
30437
30438
30439
30440
30441
30442
30443
30444
30445
30446
30447
30448
30449
30450
30451
30452
30453
30454
30455
30456
30457
30458
30459
30460
30461
30462
30463
30464
30465
30466
30467
30468
30469
30470
30471
30473
30474
30475
30476
30477
30478
30479
30480
30481
30485
30486
30487
30489
30492
30496
30499
30500
30513
30514
30515
41089
41091
41092
41093
41094
41096
41097
41098
41099
41101
41102
41103
41104
41105
41106
41108
41109
41110
41111
41112
41114
41115
41116
41117
41118
41120
41121
41122
41123
41124
41125
41126
41128
41129
41131
41132
41133
41135
41136
41141
41143
41148
41150
41151
41155
41158
41159
41164
41170
41179
41194
51813
51814
51815
51816
51818
51820
51821
51822
51823
51824
51827
51829
51831
51832
51833
51834
51835
51836
51837
51838
51840
51841
51843
51844
51845
51846
51850
51851
51853
51856
51868
51870
59385
59386
59387
59388
59389
59390
59391
59392
59393
59394
59395
59396
59397
59398
59399
59400
59401
59402
59403
59404
59405
59406
59407
59408
59409
59410
59412
59413
59415
59416
59417
59418
59419
59423
59424
59429
59430
59431
59436
66081
66082
66083
66084
66085
66086
66087
66088
66089
66090
66091
66092
66093
66094
66095
66096
66097
66098
66099
66100
66102
66103
66104
66105
66106
66109
66111
66113
66114
66115
66118
66120
66122
66123
66126
66130
66132
66149
73670
73674
73676
73678
73679
73680
73683
73685
73686
73688
73690
73691
73692
73693
73696
73698
73700
73702
73704
73706
73708
73716
73717
73726
80735
80736
80737
80738
80739
80740
80741
80742
80743
80744
80745
80746
80747
80748
80749
80750
80751
80752
80753
80754
80755
80756
80757
80758
80759
80760
80761
80762
80763
80764
80768
80769
80774
86187
86188
86189
86190
86191
86192
86193
86194
86195
86196
86197
86198
86199
86200
86201
86202
86203
86204
86205
86206
86207
86208
86209
86210
86211
86212
86214
86216
86217
86221
86235
93166
93167
93168
93169
93170
93172
93173
93175
93176
93177
93178
93179
93180
93181
93182
93183
93184
93185
93186
93187
93188
93190
93191
93192
93193
93194
93196
93199
93202
93206
93208
93210
93221
93224
93225
99149
99150
99151
99152
99153
99154
99155
99156
99157
99158
99159
99160
99161
99162
99163
99164
99166
99167
99168
99177
99185
104798
104799
104800
104801
104802
104803
104804
104805
104806
104807
104808
104809
104810
104811
104812
104813
104814
104815
104816
104819
104820
104821
104822
104828
104829
104830
104837
104842
104858
110566
110567
110568
110569
110570
110571
110572
110573
110574
110575
110576
110577
110578
110579
110580
110581
110582
110583
110585
110587
110588
110589
110591
110593
114300
114301
114302
114303
114304
114305
114306
114307
114308
114309
114310
114311
114312
114313
114314
114315
114316
114317
114318
114321
117344
117345
117346
117347
117348
117351
117352
117354
117357
117358
117361
120615
120616
120617
120618
120619
120620
120621
120622
120623
120624
120625
120626
120627
120628
120629
120630
120631
120632
120633
120634
120635
120638
120644
120646
120647
120649
120650
123773
123774
123775
123776
123777
123778
123779
123780
123781
123782
123783
123784
123785
123787
123788
123790
127229
127230
127231
127232
127233
127234
127235
127236
127237
127238
127240
127241
127242
127248
127253
127254
129771
129772
129773
129774
129775
129776
129777
129778
129779
129780
129781
129786
129787
129788
129789
129791
129794
132700
132701
132702
132703
132704
132705
132707
132708
132709
132711
132712
132713
132714
132716
132717
132723
135289
135290
135291
135292
135293
135294
135295
135296
135297
135298
135299
135300
135301
135303
135304
135305
135306
135307
135308
135311
135312
138414
138415
138416
138417
138418
138419
138420
138421
138422
138426
140592
140593
140594
140595
140596
140597
140598
140599
140600
140603
140604
140605
140606
140608
140610
142715
142716
142717
142718
142719
142720
142722
142723
142724
142726
142729
144528
144529
144530
144531
144532
144533
144534
144535
144536
144537
144538
144539
144540
144542
144543
144545
144547
144549
146856
146857
146858
146859
146860
146861
146863
146864
146866
146872
149088
149089
149090
149091
149092
149093
149094
149095
149096
149098
149100
150860
150861
150862
150863
150864
150865
150866
150867
150868
150870
150871
150873
150876
150879
152864
152865
152866
152867
152868
152869
152872
152873
152874
152875
152880
152881
154948
154950
154952
154953
154954
154955
154961
154963
157166
157167
157168
157171
157173
157174
159261
159262
159263
159264
159265
159266
159267
159268
159269
159270
159271
159272
159273
159275
161361
161362
161363
161364
161365
161366
161367
161368
161369
161370
161371
161372
161374
161376
161379
161380
163932
163933
163934
163935
163936
163937
163938
163939
163940
163941
163942
163944
163946
163950
163956
165890
165891
165892
165893
165894
165895
165896
165897
165899
165900
165902
165905
167867
167868
167869
167870
167871
167872
167873
167874
167875
167876
167877
167878
167879
167880
170088
170089
170090
170091
170092
170093
170094
170095
170096
170097
170098
170099
170103
170111
171905
171906
171907
171908
171909
171910
171911
171912
171913
171915
171917
171918
173536
173537
173538
173539
173540
173541
173542
173543
173544
173554
175435
175436
175437
175438
175439
175440
175441
175442
175443
175444
175445
175446
175447
177128
177129
177130
177131
177132
177133
177135
177137
178998
178999
179000
179001
179002
179004
179005
179006
179007
179008
179009
180486
180487
180488
180489
180490
180491
180494
180495
180502
182233
182234
182235
182236
182237
182238
182239
182241
182242
182246
183683
183684
183685
183686
183687
183688
183689
183690
183691
183692
183693
183697
183701
183703
185229
185230
185231
185232
185233
185234
185235
186925
186926
188237
188238
188239
188240
188241
188242
188243
188244
188245
189944
189945
189946
189947
189949
189950
189951
189952
189953
189954
189955
191220
191221
191222
191223
191224
191225
192506
192507
192511
194303
194304
194305
194306
194307
194308
195486
195487
195488
195489
195490
195491
195492
195493
195494
195495
196773
196774
196775
196776
196777
196778
196779
196783
198179
198180
198181
198182
198183
198184
198185
198186
198187
198188
199142
199143
199144
199145
199146
199147
199150
200653
200654
200655
200656
200657
200658
200659
200660
200663
202062
202063
202067
202068
202069
202072
202074
202075
202076
203459
203460
203461
203462
203463
203464
203465
204393
204394
204395
204396
204397
204398
204399
204400
204401
204402
204403
204408
205582
205583
205584
205585
205586
206714
206715
206716
206717
206718
206719
206722
207911
207912
207913
207914
207915
207918
208807
208808
208809
208810
208811
208812
208813
208817
209975
209976
209977
209981
209982
210738
210739
210740
210741
210742
210743
210744
210745
210746
210747
211756
211757
211758
211759
211760
211761
211765
211769
212957
212958
212960
212961
213907
213908
213909
213910
213911
213912
213913
213914
213916
213917
214813
214814
214815
214816
214817
214819
214821
215567
215568
215569
215570
215571
215572
215573
215574
215578
215580
216740
216741
216742
216743
216744
216745
217716
217717
217718
217719
218651
218652
218653
218654
218656
218657
218658
219708
219709
219710
219711
219712
219713
219714
219715
219716
220767
220768
220769
220770
220771
220772
220778
221673
221674
221675
221676
221677
221678
221679
221680
221681
222715
222719
222726
223484
223485
223486
223487
223488
223489
223490
223491
223496
224435
224436
224437
224438
224439
224440
225517
225518
225519
225522
226317
226318
226319
226320
226995
226996
226997
226998
226999
227000
227009
227854
227855
227856
227857
227858
227859
228508
228509
228510
228511
228512
228513
228514
228515
228518
228519
228523
228528
229474
229477
229480
230214
230215
230216
230217
230218
230993
230994
230995
230996
230997
230999
231000
231004
231879
231880
231881
231882
232441
232442
232443
232444
232447
233087
233088
233089
233090
233091
233092
233093
233879
233880
233881
233882
233883
233888
234535
234536
234537
234538
235351
235352
235353
235354
235355
235356
236045
236046
236047
236048
236049
236686
236687
236688
237483
237484
237485
237486
237491
238393
238394
238395
238396
238397
239022
239023
239024
239606
239607
239608
239609
239610
240028
240029
240030
240775
240776
240777
240778
240779
240780
241415
241416
241417
242071
242072
242073
242515
242516
242517
242959
242960
242961
242962
242963
242964
242965
243669
243670
243671
243672
243673
244157
244158
244672
244673
244674
245222
245223
245224
245225
245226
245939
245940
246642
246643
246644
247039
247040
247041
247042
247043
247544
247545
247546
248237
248238
248239
248240
248241
248242
248244
248847
248848
248849
248850
249381
249382
249383
249937
249938
249939
249940
249941
249942
250636
250637
250638
250639
250640
251100
251546
251933
251934
251935
251936
252559
252560
253015
253016
253500
253501
253502
253503
253504
253505
253506
253907
253908
253909
254586
254587
254588
254589
254590
254593
254594
255100
255101
255102
255103
255106
255612
255613
255614
255615
255617
256338
256339
256340
256341
256887
256888
256889
256890
257377
257378
257379
257381
257808
257809
257810
257811
257812
258223
258224
258225
258735
258736
258737
258738
259177
259178
259179
259180
259713
259714
259715
260067
260068
260465
260466
260467
260468
260470
261085
261086
261088
261407
261408
261409
261410
261415
262030
262031
262032
262033
262551
262552
262553
262554
263115
263116
263117
263118
263605
263606
263607
263608
263609
264095
264096
264097
264498
264499
264500
264818
264819
264820
264821
265345
265346
265347
265348
265349
265733
265734
265735
265736
265740
266299
266300
266301
266304
266305
266306
266775
266776
266777
266783
267211
267212
267213
267605
267606
267946
267947
267948
268410
268411
268412
268413
268415
268840
268841
268842
269276
269277
269278
269755
269756
269757
269758
270113
270114
270115
270116
270383
270384
270385
270386
270861
270862
270863
270864
271246
271249
271581
271582
272037
272038
272039
272040
272041
272047
272551
272552
273067
273068
273069
273070
273476
273477
273478
273480
273741
273742
273743
274227
274228
274689
274690
274691
274693
274694
274696
275172
275173
275175
275176
275494
275495
275496
275497
275498
275499
275937
275938
275939
276189
276190
276191
276192
276193
276707
276708
276710
277178
277180
277529
277530
277945
277946
277947
278285
278286
278287
278698
278699
278700
278701
279106
279107
279484
279485
279486
279773
279774
280151
280152
280153
280479
280854
280855
280857
281154
281617
281618
281619
281621
281897
281898
282197
282198
282199
282200
282477
282478
282780
283107
283108
283109
283474
283475
283832
283833
283834
284147
284148
284557
284558
284559
284560
284921
284922
285342
285600
285601
285602
285992
285993
286220
286221
286222
286223
286565
286566
286567
286848
286849
286850
286851
287254
287255
287256
287257
287571
287572
287573
287574
287575
287576
287935
287936
287937
287938
287939
287940
288283
288284
288619
288620
288621
288622
288623
288927
288928
288929
288932
289323
289324
289325
289326
289327
289656
289657
289892
290196
290197
290198
290464
290465
290468
290749
290750
290751
290752
291078
291079
291080
291440
291441
291771
291772
291773
291998
292000
292277
292278
292279
292280
292572
292573
292574
292576
292860
292861
292862
292863
293191
293192
293193
293194
293497
293498
293759
294061
294062
294303
294304
294574
294962
294963
295314
295315
295562
295563
295566
295568
295570
295981
295982
295983
296235
296236
296237
296519
296520
296795
296796
296797
296798
296799
297131
297132
297133
297529
297951
297952
297954
298152
298153
298154
298469
298470
298753
298936
298937
298938
299236
299237
299238
299239
299240
299439
299657
299658
299934
299935
300120
300121
300122
300341
300342
300343
300695
300696
301023
301199
301200
301201
301203
301204
301487
301797
301798
301800
301801
301802
302171
302174
302431
302432
302605
302606
302607
302806
302807
302808
303001
303002
303271
303497
303669
303671
303672
303990
303991
303992
304269
304458
304459
304742
305106
305107
305261
305262
305263
305264
305507
305508
305509
305510
305512
305741
305742
305959
305960
305961
306108
306109
306265
306266
306496
306497
306498
306499
306748
306966
307086
307087
307309
307311
307630
307631
307900
307903
308159
308160
308161
308470
308471
308748
308749
308750
309021
309022
309249
309250
309409
309410
309411
309593
309594
309724
309725
309726
309727
310062
310273
310274
310275
310276
310496
310497
310704
310705
310951
310952
311140
311141
311316
311317
311505
311506
311507
311509
311773
311774
311775
311776
312110
312111
312287
312288
312449
312450
312451
312703
312704
312924
313084
313085
313303
313304
313305
313306
313541
313542
313747
313748
314052
314053
314054
314358
314361
314675
314916
314917
314918
315085
315086
315087
315318
315319
315320
315490
315656
315826
315827
316125
316126
316127
316382
316383
316683
316684
316957
316958
317207
317208
317209
317374
317375
317568
317769
317770
317772
317943
317944
318169
318170
318402
318403
318565
318779
318907
319121
319122
319123
319124
319371
319372
319553
319685
319686
319687
319889
319890
319891
319895
320158
320160
320378
320379
320380
320381
320536
320752
320753
320755
320976
321138
321143
321411
321412
321413
321637
321863
321998
321999
322000
322234
322384
322650
322651
322652
322886
322887
322888
323044
323212
323213
323380
323552
323553
323728
323729
323982
323983
323984
324170
324323
324473
324474
324475
324676
324677
324928
324929
325066
325067
325068
325301
325302
325303
325477
325478
325479
325659
325660
325835
325836
325910
326049
326247
326248
326249
326458
326459
326461
326637
326638
326800
326929
326930
327054
327055
327058
327267
327268
327269
327437
327438
327738
327937
327938
327939
327940
328239
328240
328380
328381
328382
328561
328562
328776
328777
328956
328957
329150
329285
329286
329287
329502
329732
329916
329917
330182
330183
330350
330351
330352
330569
330742
330938
330939
330940
331094
331095
331097
331303
331304
331451
331703
331830
331996
331997
332139
332140
332327
332330
332508
332509
332510
332721
332722
332724
332891
332892
332999
333000
333168
333169
333373
333374
333528
333718
333719
333901
333902
334019
334020
334170
334171
334172
334336
334448
334449
334610
334611
334612
334614
334829
335004
335203
335204
335205
335418
335419
335420
335588
335752
335754
335755
335970
335971
336253
336254
336439
336440
336634
336635
336636
336790
336920
336921
336922
337057
337058
337059
337259
337260
337450
337452
337597
337599
337748
337947
337948
338106
338209
338210
338212
338375
338376
338526
338655
338656
338878
339047
339201
339202
339311
339439
339440
339612
339613
339614
339785
339786
339972
340152
340153
340308
340467
340632
340773
340843
340966
340967
341073
341074
341076
341270
341452
341618
341619
341801
341802
341985
342103
342104
342259
342260
342383
342384
342520
342521
342614
342783
342784
342785
342786
342981
343098
343099
343227
343228
343229
343396
343397
343552
343553
343554
343669
343671
343672
343831
343995
344090
344091
344195
344358
344527
344528
344653
344821
344822
344914
344915
344916
345080
345081
345268
345269
345367
345446
345613
345614
345729
345928
345929
346088
346089
346264
346373
346374
346523
346627
346817
346818
346986
347122
347255
347256
347424
347557
347656
347657
347841
347842
347952
348050
348051
348189
348190
348302
348303
348396
348495
348496
348497
348613
348804
348805
348898
348899
349020
349021
349189
349190
349346
349485
349486
349621
349622
349733
349838
349992
349993
349994
349995
349996
350144
350313
350314
350548
350671
350672
350781
350782
350919
351045
351046
351169
351170
351336
351337
351433
351434
351574
351575
351577
351712
351713
351714
351886
351887
352033
352165
352166
352323
352408
352409
352410
352520
352521
352522
352523
352617
352713
352714
352872
352873
352874
353029
353174
353280
353380
353567
353568
353699
353700
353702
353872
354004
354166
354167
354318
354319
354320
354447
354524
354641
354750
354751
354752
354838
354839
354955
355045
355204
355205
355206
355310
355528
355654
355725
355726
355844
355961
356087
356205
356289
356290
356427
356428
356527
356672
356673
356800
356801
356914
356915
357033
357034
357194
357279
357430
357431
357561
357562
357697
357698
357809
357902
357903
357904
358026
358170
358171
358217
358218
358362
358363
358516
358655
358785
358786
358890
358984
359112
359184
359185
359254
359425
359498
359499
359639
359640
359699
359796
359797
359960
360070
360217
360218
360380
360381
360521
360645
360646
360773
360893
360894
360972
361088
361089
361188
361311
361312
361428
361429
361430
361561
361562
361716
361852
361853
361975
362079
362186
362307
362308
362406
362540
362629
362631
362762
362867
362869
362870
362920
363011
363012
363113
363114
363264
363448
363449
363532
363654
363780
363871
363972
364109
364197
364274
364332
364398
364509
364575
364576
364577
364580
364667
364668
364669
364808
364809
364810
364905
365003
365004
365141
365142
365316
365367
365546
365659
365660
365661
365759
365907
366034
366108
366194
366195
366196
366317
366421
366489
366491
366624
366625
366685
366800
366952
367080
367081
367215
367324
367416
367417
367418
367508
367509
367510
367634
367696
367697
367698
367785
367913
368015
368016
368113
368197
368198
368309
368428
368429
368430
368528
368610
368611
368733
368734
368821
368955
369080
369185
369296
369411
369533
369646
369817
369818
369819
369938
370018
370150
370239
370322
370460
370461
370585
370655
370656
370716
370871
370933
371047
371048
371109
371188
371323
371429
371473
371474
371578
371654
371655
371789
371790
371791
371865
371954
372006
372007
372008
372075
372133
372209
372290
372365
372470
372577
372579
372691
372778
372815
372816
372936
372937
373049
373132
373221
373348
373425
373549
373550
373612
373613
373730
373841
373936
373991
374071
374140
374189
374306
374413
374531
374620
374621
374737
374803
374904
375008
375107
375170
375266
375386
375447
375448
375572
375705
375813
375918
375919
375970
376048
376117
376181
376182
376295
376363
376470
376471
376589
376668
376669
376787
376840
376841
376968
377008
377089
377090
377169
377255
377256
377325
377326
377398
377399
377482
377483
377590
377591
377719
377812
377813
377918
377969
377970
378069
378142
378219
378220
378326
378327
378328
378436
378535
378583
378626
378745
378822
378823
378943
378998
379103
379104
379229
379309
379390
379473
379474
379572
379655
379786
379872
379996
379997
380091
380210
380211
380301
380354
380414
380487
380488
380556
380656
380699
380701
380810
380813
380894
380950
381024
381025
381137
381213
381283
381417
381419
381523
381581
381582
381657
381658
381721
381801
381898
381974
382061
382062
382136
382216
382306
382307
382424
382425
382533
382534
382592
382655
382757
382758
382834
382921
382922
383008
383095
383146
383237
383284
383346
383347
383437
383532
383612
383739
383836
383896
384031
384106
384207
384329
384398
384490
384546
384642
384644
384734
384785
384845
384847
384934
385020
385080
385150
385230
385313
385343
385344
385453
385559
385560
385661
385739
385795
385796
385878
385916
385952
386037
386163
386237
386304
386397
386479
386537
386640
386720
386797
386849
386924
386998
387053
387173
387269
387325
387326
387424
387456
387539
387601
387678
387765
387820
387821
387913
388019
388095
388096
388192
388258
388303
388304
388380
388443
388444
388492
388549
388593
388594
388672
388673
388730
388787
388788
388857
388858
388958
388959
389030
389109
389110
389244
389245
389246
389295
389373
389428
389486
389570
389625
389696
389697
389779
389816
389817
389891
389986
390018
390019
390096
390174
390254
390300
390346
390393
390429
390463
390520
390581
390582
390653
390669
390670
390780
390781
390835
390933
390934
390935
391011
391106
391183
391184
391265
391347
391439
391440
391527
391604
391673
391767
391881
391958
391996
392084
392138
392208
392295
392351
392352
392429
392491
392544
392593
392657
392736
392802
392904
392952
392993
393080
393145
393226
393301
393356
393404
393553
393605
393669
393670
393722
393815
393870
393917
393984
394067
394102
394155
394217
394285
394353
394396
394464
394566
394664
394665
394757
394799
394849
394942
395003
395079
395125
395186
395319
395374
395375
395444
395486
395537
395588
395680
395732
395794
395795
395868
395925
395978
395979
396061
396140
396201
396250
396317
396377
396467
396543
396590
396624
396725
396789
396790
396879
396880
396937
397011
397062
397148
397204
397299
397348
397431
397485
397541
397602
397603
397695
397774
397847
397889
397890
397992
398077
398126
398127
398159
398225
398310
398377
398436
398470
398507
398508
398622
398660
398661
398691
398762
398763
398846
398891
398945
398996
399083
399120
399121
399170
399214
399270
399271
399346
399403
399474
399498
399568
399569
399648
399693
399779
399808
399888
399948
400004
400083
400179
400180
400224
400289
400411
400504
400505
400578
400666
400733
400786
400824
400888
400889
400997
401049
401050
401119
401194
401283
401370
401427
401474
401510
401567
401625
401663
401705
401782
401856
401857
401858
401916
401955
402033
402092
402151
402203
402266
402309
402365
402423
402479
402514
402572
402624
402700
402801
402841
402924
402963
403032
403107
403108
403186
403229
403231
403273
403323
403355
403356
403411
403457
403543
403583
403584
403642
403704
403733
403807
403844
403903
403970
404038
404068
404138
404139
404176
404257
404305
404389
404459
404518
404559
404618
404663
404719
404777
404835
404871
404923
404964
405032
405105
405155
405198
405234
405300
405301
405366
405419
405458
405572
405619
405681
405716
405744
405745
405746
405817
405903
405960
406000
406032
406090
406142
406179
406229
406230
406286
406331
406332
406375
406376
406436
406497
406498
406557
406605
406650
406710
406777
406827
406858
406902
406947
406979
407052
407082
407128
407165
407204
407265
407306
407352
407353
407372
407405
407463
407525
407526
407549
407618
407700
407728
407758
407823
407890
407934
407991
408059
408112
408113
408152
408163
408195
408268
408269
408302
408340
408381
408434
408477
408565
408566
408595
408596
408650
408709
408760
408818
408877
408916
408954
409006
409053
409100
409154
409223
409224
409279
409280
409334
409395
409443
409471
409521
409564
409583
409584
409674
409675
409735
409809
409851
409893
409935
410006
410044
410087
410132
410133
410178
410235
410304
410332
410401
410429
410430
410495
410496
410550
410551
410616
410698
410699
410733
410734
410803
410872
410929
410970
411026
411076
411095
411146
411222
411223
411258
411334
411380
411466
411512
411513
411566
411603
411667
411668
411697
411763
411799
411847
411885
411886
411947
412004
412057
412098
412099
412138
412173
412209
412271
412343
412382
412428
412515
412552
412605
412606
412660
412661
412714
412759
412760
412801
412833
412869
412870
412908
412975
413042
413061
413099
413176
413207
413208
413288
413342
413363
413381
413452
413494
413531
413594
413641
413695
413755
413821
413876
413927
413973
414031
414064
414093
414226
414227
414278
414325
414349
414396
414421
414486
414546
414577
414632
414679
414732
414791
414830
414878
414943
414944
415010
415058
415088
415120
415149
415185
415258
415292
415359
415402
415446
415503
415546
415594
415646
415696
415716
415758
415822
415861
415895
415951
415999
416039
416073
416132
416163
416218
416264
416299
416339
416361
416393
416394
416445
416472
416531
416546
416580
416606
416645
416704
416753
416796
416844
416875
416939
416940
416998
417052
417123
417154
417237
417278
417339
417380
417420
417444
417495
417529
417565
417612
417660
417661
417709
417710
417736
417755
417812
417857
417900
417935
417988
418069
418109
418165
418247
418263
418306
418307
418342
418365
418398
418459
418521
418561
418592
418643
418689
418690
418731
418797
418845
418914
418942
418995
419055
419089
419138
419139
419188
419208
419229
419262
419287
419288
419326
419360
419407
419437
419438
419477
419510
419539
419588
419633
419674
419715
419761
419810
419811
419848
419883
419918
419951
420011
420054
420092
420146
420218
420252
420300
420317
420344
420396
420451
420452
420470
420506
420507
420546
420583
420642
420712
420778
420815
420857
420894
420903
420952
420993
421029
421056
421101
421147
421198
421266
421324
421351
421403
421404
421447
421473
421500
421531
421566
421606
421640
421678
421728
421791
421849
421878
421921
421989
422029
422072
422121
422158
422201
422233
422257
422296
422354
422413
422455
422489
422540
422566
422606
422607
422667
422713
422752
422798
422923
422957
422997
422998
423040
423087
423132
423180
423233
423279
423341
423365
423366
423410
423459
423489
423518
423580
423628
423653
423655
423693
423732
423800
423857
423893
423954
424002
424034
424081
424138
424186
424213
424214
424245
424304
424334
424376
424423
424496
424512
424542
424568
424611
424649
424721
424750
424817
424851
424880
424881
424911
424968
425012
425038
425090
425108
425159
425211
425242
425287
425328
425362
425399
425458
425475
425508
425559
425580
425642
425706
425746
425787
425841
425853
425873
425913
425944
426002
426047
426074
426111
426149
426150
426186
426229
426258
426259
426280
426326
426368
426422
426468
426517
426541
426551
426583
426626
426652
426653
426683
426695
426719
426791
426834
426885
426932
426987
427031
427032
427062
427092
427113
427140
427181
427221
427254
427280
427327
427358
427380
427402
427453
427490
427543
427576
427577
427600
427656
427698
427720
427757
427807
427835
427883
427906
427981
428022
428073
428118
428144
428175
428206
428252
428289
428340
428384
428423
428464
428465
428495
428526
428559
428599
428629
428656
428694
428695
428765
428813
428851
428889
428932
428951
429003
429035
429067
429110
429143
429180
429210
429241
429298
429333
429360
429395
429396
429439
429484
429523
429524
429565
429616
429658
429705
429769
429811
429847
429892
429949
429994
430038
430060
430099
430140
430207
430254
430255
430274
430275
430314
430360
430394
430475
430476
430496
430536
430582
430623
430671
430710
430727
430773
430808
430819
430864
430899
430944
430982
431006
431007
431026
431061
431088
431127
431188
431211
431261
431291
431332
431364
431393
431394
431411
431434
431464
431492
431552
431582
431623
431654
431698
431747
431780
431803
431835
431852
431893
431918
431933
431964
432013
432041
432084
432123
432140
432181
432209
432247
432280
432321
432348
432378
432433
432456
432486
432513
432514
432555
432641
432685
432733
432752
432815
432843
432844
432874
432924
432949
432990
433028
433064
433089
433109
433174
433242
433285
433327
433382
433383
433422
433495
433516
433558
433594
433617
433618
433651
433670
433703
433723
433764
433800
433821
433842
433896
433930
433968
433994
434048
434102
434136
434164
434253
434281
434318
434347
434378
434419
434420
434456
434489
434532
434574
434605
434656
434657
434699
434737
434766
434788
434825
434883
434896
434921
434971
434989
435036
435070
435092
435124
435166
435194
435226
435286
435304
435334
435379
435411
435412
435433
435469
435498
435550
435580
435612
435635
435674
435709
435748
435791
435839
435863
435898
435932
435976
436020
436059
436092
436105
436106
436127
436136
436173
436205
436244
436287
436320
436337
436338
436396
436409
436447
436480
436508
436546
436584
436639
436673
436709
436731
436755
436799
436857
436897
436990
437011
437051
437082
437107
437138
437186
437228
437252
437301
437321
437402
437445
437478
437526
437542
437558
437602
437646
437661
437697
437727
437759
437760
437799
437800
437830
437851
437860
437906
437925
437951
438001
438039
438072
438108
438171
438193
438218
438219
438266
438295
438296
438330
438349
438374
438428
438457
438494
438543
438565
438588
438623
438660
438673
438728
438752
438806
438851
438880
438916
438930
438958
438992
439041
439061
439154
439184
439214
439255
439289
439316
439343
439375
439400
439452
439467
439511
439558
439592
439636
439651
439683
439684
439703
439740
439766
439796
439852
439875
439909
439956
440013
440035
440064
440107
440132
440159
440182
440206
440243
440273
440300
440338
440339
440357
440387
440419
440455
440488
440521
440545
440593
440625
440653
440682
440701
440732
440770
440814
440845
440894
440922
440937
440980
441012
441055
441078
441128
441172
441211
441238
441261
441282
441308
441370
441412
441431
441452
441502
441531
441567
441590
441614
441624
441666
441746
441800
441821
441837
441863
441917
441946
442002
442056
442078
442120
442165
442198
442220
442242
442323
442341
442365
442404
442448
442510
442536
442573
442604
442623
442645
442671
442721
442732
442773
442807
442825
442858
442900
443000
443038
443065
443088
443117
443152
443187
443204
443229
443230
443253
443276
443301
443341
443381
443404
443440
443458
443488
443526
443556
443606
443639
443677
443707
443734
443751
443779
443802
443834
443848
443883
443958
443980
444005
444047
444080
444108
444140
444163
444164
444196
444215
444243
444271
444307
444385
444395
444447
444466
444495
444520
444534
444578
444605
444606
444624
444651
444692
444722
444756
444789
444834
444877
444904
444935
444944
444976
445005
445033
445058
445091
445101
445125
445144
445172
445191
445236
445250
445263
445285
445311
445343
445389
445418
445425
445451
445482
445508
445531
445556
445578
445611
445660
445661
445685
445696
445718
445737
445806
445846
445865
445866
445891
445922
445958
445989
446008
446030
446064
446084
446112
446136
446176
446187
446202
446242
446269
446318
446382
446416
446461
446487
446514
446544
446577
446598
446634
446666
446702
446730
446731
446748
446771
446796
446831
446856
446880
446900
446912
446924
446949
446968
447001
447060
447089
447121
447142
447165
447187
447220
447237
447238
447264
447301
447321
447350
447385
447414
447441
447472
447501
447519
447538
447566
447585
447644
447678
447715
447738
447785
447806
447829
447845
447873
447906
447920
447954
447973
447974
448000
448078
448098
448127
448139
448171
448203
448228
448253
448293
448317
448337
448363
448371
448402
448422
448455
448470
448482
448503
448535
448558
448579
448605
448635
448682
448742
448769
448816
448836
448872
448934
448987
449018
449072
449102
449145
449163
449198
449216
449253
449275
449309
449341
449376
449437
449473
449513
449552
449604
449644
449672
449709
449746
449768
449825
449851
449889
449919
449952
449988
450009
450032
450068
450105
450128
450161
450178
450198
450213
450242
450266
450287
450319
450366
450404
450434
450471
450490
450506
450537
450554
450571
450572
450602
450636
450656
450682
450730
450749
450766
450784
450817
450835
450866
450884
450907
450934
450957
450988
451014
451057
451096
451132
451188
451220
451243
451276
451304
451325
451353
451359
451400
451449
451506
451536
451565
451623
451652
451686
451707
451740
451800
451817
451847
451873
451903
451952
451959
451984
452015
452041
452063
452100
452132
452147
452168
452190
452217
452247
452270
452303
452339
452359
452391
452409
452440
452471
452490
452526
452547
452588
452615
452650
452668
452687
452724
452736
452760
452802
452828
452883
452953
452984
453004
453033
453054
453069
453088
453131
453155
453202
453247
453267
453289
453324
453354
453383
453401
453424
453443
453470
453496
453526
453555
453583
453614
453642
453667
453694
453731
453754
453794
453820
453844
453864
453883
453912
453930
453946
454011
454024
454055
454083
454112
454126
454138
454168
454194
454227
454278
454302
454336
454357
454375
454391
454418
454441
454463
454483
454506
454517
454551
454568
454590
454611
454629
454660
454689
454715
454730
454766
454828
454895
454913
454934
454968
455041
455070
455082
455105
455151
455180
455196
455218
455239
455276
455303
455322
455334
455341
455372
455382
455405
455440
455468
455491
455521
455548
455572
455589
455590
455617
455634
455657
455663
455688
455706
455730
455750
455796
455813
455833
455846
455865
455890
455917
455934
455966
456021
456088
456118
456146
456163
456194
456240
456261
456290
456311
456344
456345
456359
456424
456442
456486
456495
456510
456533
456547
456577
456603
456629
456655
456673
456744
456765
456803
456854
456892
456925
456944
457029
457068
457091
457108
457142
457168
457198
457235
457265
457294
457325
457345
457369
457392
457411
457441
457487
457527
457559
457594
457611
457635
457668
457705
457737
457755
457790
457803
457832
457851
457879
457905
457927
457944
457970
457992
458055
458070
458099
458129
458148
458183
458201
458228
458254
458299
458329
458345
458366
458406
458431
458458
458507
458531
458588
458608
458634
458655
458704
458741
458775
458819
458850
458876
458890
458932
458941
458965
458984
459006
459036
459116
459127
459144
459161
459176
459187
459214
459241
459274
459308
459332
459354
459368
459392
459410
459422
459457
459486
459492
459520
459558
459579
459597
459633
459663
459692
459760
459771
459789
459800
459816
459846
459873
459885
459921
459948
459974
459991
460012
460026
460056
460089
460125
460156
460181
460207
460239
460259
460276
460292
460330
460352
460379
460398
460417
460441
460458
460481
460558
460580
460611
460622
460637
460674
460693
460750
460775
460789
460804
460849
460872
460892
460916
460932
460945
460979
461016
461054
461077
461101
461116
461127
461140
461162
461182
461187
461206
461231
461249
461270
461290
461309
461348
461365
461388
461402
461453
461486
461487
461518
461544
461552
461570
461590
461633
461658
461677
461688
461711
461723
461752
461791
461821
461857
461937
461953
461984
462021
462043
462078
462088
462143
462167
462223
462251
462271
462296
462344
462396
462418
462446
462484
462498
462541
462567
462574
462587
462595
462627
462653
462682
462736
462766
462809
462825
462840
462847
462867
462882
462900
462946
462972
462991
463010
463023
463069
463100
463117
463136
463153
463171
463229
463247
463262
463282
463302
463335
463370
463387
463412
463432
463463
463536
463598
463623
463645
463672
463680
463716
463739
463765
463787
463814
463843
463881
463909
463947
463972
463999
464022
464040
464096
464113
464126
464141
464186
464216
464251
464269
464288
464311
464327
464346
464364
464384
464407
464425
464437
464477
464502
464523
464554
464566
464644
464658
464684
464697
464737
464753
464787
464810
464820
464835
464848
464862
464879
464898
464937
464973
464994
465014
465055
465075
465102
465114
465126
465138
465166
465185
465197
465210
465261
465302
465386
465414
465436
465448
465487
465536
465557
465572
465630
465647
465678
465697
465712
465742
465776
465798
465815
465841
465862
465880
465907
465925
465977
466008
466026
466046
466061
466088
466116
466193
466219
466236
466266
466282
466303
466323
466363
466376
466390
466416
466429
466443
466466
466498
466531
466545
466571
466588
466612
466621
466629
466651
466659
466679
466688
466723
466752
466770
466790
466822
466834
466861
466880
466901
466932
466954
467003
467025
467040
467066
467088
467102
467121
467181
467224
467243
467274
467317
467333
467371
467389
467414
467430
467457
467462
467483
467503
467518
467527
467556
467585
467602
467610
467622
467672
467691
467713
467718
467738
467763
467790
467816
467824
467839
467855
467914
467931
467944
467962
467989
468010
468024
468042
468080
468099
468114
468145
468165
468188
468210
468223
468255
468274
468310
468347
468363
468379
468453
468474
468490
468506
468525
468543
468569
468586
468618
468636
468664
468683
468705
468714
468731
468752
468796
468810
468819
468845
468853
468858
468899
468928
468953
468966
468985
468998
469017
469031
469050
469080
469103
469134
469156
469178
469201
469218
469246
469298
469314
469324
469344
469365
469379
469404
469442
469461
469482
469499
469518
469531
469557
469576
469594
469607
469632
469659
469673
469684
469691
469707
469728
469748
469765
469781
469801
469817
469834
469851
469872
469890
469908
469925
469985
470003
470056
470077
470098
470122
470140
470166
470189
470204
470212
470233
470261
470280
470301
470312
470338
470364
470374
470392
470409
470420
470433
470442
470469
470492
470500
470521
470553
470564
470609
470634
470661
470680
470699
470718
470739
470752
470771
470778
470802
470816
470837
470856
470868
471012
471046
471068
471082
471089
471140
471159
471171
471201
471218
471256
471268
471290
471299
471327
471347
471369
471381
471398
471420
471440
471458
471479
471498
471520
471542
471558
471569
471586
471609
471630
471642
471703
471726
471740
471758
471783
471798
471809
471830
471850
471865
471880
471896
471977
471983
472002
472021
472037
472053
472061
472078
472136
472163
472229
472284
472332
472348
472395
472413
472462
472479
472484
472562
472586
472609
472644
472652
472677
472714
472772
472848
472861
472875
472899
472957
472986
472993
473005
473018
473076
473087
473103
473107
473133
473156
473173
473190
473212
473234
473257
473276
473294
473313
473334
473360
473407
473432
473449
473457
473505
473522
473537
473562
473576
473604
473616
473627
473651
473705
473718
473763
473774
473786
473844
473861
473877
473915
473924
473939
474002
474017
474041
474065
474081
474097
474123
474145
474169
474196
474213
474229
474238
474251
474271
474289
474308
474323
474343
474359
474370
474391
474410
474439
474475
474492
474509
474523
474540
474559
474575
474595
474618
474635
474724
474733
474797
474842
474858
474873
474896
474915
474996
475057
475081
475098
475122
475138
475149
475201
475208
475243
475261
475273
475289
475306
475329
475353
475380
475403
475421
475436
475457
475501
475522
475557
475591
475622
475637
475668
475682
475695
475716
475739
475767
475826
475871
475884
475929
475982
475991
476012
476024
476046
476073
476101
476149
476156
476171
476172
476209
476223
476242
476272
476292
476386
476396
476413
476421
476430
476449
476507
476543
476553
476567
476583
476590
476663
476691
476705
476730
476769
476790
476809
476818
476845
476857
476873
476909
477011
477046
477056
477080
477101
477129
477143
477178
477207
477222
477239
477252
477280
477305
477320
477351
477368
477382
477465
477508
477520
477550
477557
477569
477606
477626
477659
477677
477704
477713
477730
477744
477771
477785
477803
477811
477876
477883
477901
477933
477955
477969
478057
478076
478088
478101
478109
478126
478155
478173
478179
478191
478209
478226
478250
478261
478270
478293
478317
478330
478344
478353
478374
478388
478412
478422
478435
478447
478463
478523
478532
478548
478567
478627
478637
478653
478672
478741
478753
478774
478857
478877
478890
478913
478963
478973
478979
478997
479015
479028
479077
479093
479111
479124
479136
479158
479175
479224
479241
479262
479304
479335
479359
479373
479386
479403
479424
479435
479472
479498
479530
479543
479593
479617
479639
479670
479678
479691
479712
479733
479749
479793
479808
479847
479890
479950
479970
479981
479996
480008
480071
480112
480127
480161
480169
480187
480273
480284
480349
480367
480390
480404
480422
480434
480471
480494
480500
480526
480543
480596
480637
480649
480664
480676
480689
480706
480715
480723
480734
480747
480791
480800
480824
480862
480877
480894
480933
480948
480963
480980
480999
481035
481044
481053
481124
481146
481168
481220
481234
481253
481286
481422
481437
481474
481512
481524
481579
481588
481608
481616
481640
481670
481691
481738
481755
481775
481827
481846
481860
481881
481911
481925
481946
481971
481987
482004
482015
482071
482086
482102
482131
482144
482154
482173
482193
482235
482280
482355
482368
482411
482419
482444
482450
482463
482483
482518
482561
482576
482582
482592
482605
482619
482630
482639
482654
482707
482754
482761
482769
482780
482788
482804
482827
482846
482861
482896
482910
482918
482932
482945
483008
483023
483037
483054
483133
483154
483172
483193
483204
483272
483286
483302
483309
483319
483351
483362
483378
483394
483444
483462
483493
483505
483550
483558
483577
483591
483606
483621
483658
483712
483734
483745
483764
483803
483811
483838
483856
483871
483878
483889
483901
483943
483958
484025
484043
484090
484119
484138
484145
484167
484183
484224
484243
484255
484371
484454
484469
484500
484515
484536
484558
484575
484604
484614
484641
484679
484758
484771
484803
484815
484838
484856
484869
484893
484914
484939
485016
485028
485067
485078
485090
485108
485147
485150
485176
485190
485220
485229
485253
485269
485283
485302
485325
485335
485375
485413
485426
485434
485496
485532
485544
485576
485592
485627
485656
485662
485720
485734
485779
485809
485821
485846
485853
485865
485880
485931
485934
485953
486000
486016
486025
486084
486092
486106
486141
486202
486206
486211
486257
486270
486288
486315
486321
486353
486365
486378
486391
486404
486427
486432
486478
486488
486499
486500
486508
486514
486570
486583
486594
486600
486622
486630
486634
486641
486651
486692
486705
486729
486747
486767
486812
486825
486852
486861
486870
486876
486895
486935
486974
487010
487029
487035
487063
487148
487182
487202
487255
487270
487290
487337
487353
487365
487394
487413
487442
487489
487515
487538
487549
487562
487586
487605
487633
487650
487676
487705
487724
487731
487740
487756
487779
487797
487815
487825
487887
487913
487941
487950
487967
487978
488002
488012
488028
488035
488044
488062
488079
488114
488158
488169
488189
488202
488214
488252
488317
488334
488356
488366
488393
488407
488433
488449
488464
488473
488488
488498
488586
488601
488613
488623
488649
488699
488711
488730
488755
488767
488783
488794
488807
488826
488836
488864
488883
488898
488963
489021
489043
489067
489098
489153
489163
489179
489186
489209
489230
489243
489257
489273
489297
489313
489355
489390
489440
489445
489455
489479
489542
489575
489588
489591
489606
489615
489627
489652
489677
489688
489707
489723
489746
489757
489795
489843
489922
489932
489945
489955
489973
489987
490010
490050
490090
490099
490123
490195
490209
490219
490276
490297
490322
490336
490370
490385
490437
490450
490454
490482
490502
490582
490593
490610
490621
490646
490655
490703
490711
490758
490773
490791
490797
490848
490885
490906
490925
490938
490975
491067
491094
491123
491146
491158
491210
491251
491262
491277
491295
491334
491361
491410
491423
491425
491433
491452
491461
491488
491496
491513
491523
491528
491532
491549
491560
491593
491610
491625
491682
491698
491703
491715
491721
491753
491764
491783
491794
491839
491846
491874
491910
491929
491938
491945
492025
492045
492058
492067
492095
492127
492138
492154
492160
492219
492232
492292
492305
492336
492373
492389
492403
492435
492454
492470
492516
492528
492536
492560
492576
492592
492654
492718
492756
492773
492784
492807
492818
492827
492841
492848
492863
492914
492946
492958
492997
493009
493016
493024
493041
493130
493162
493240
493261
493286
493327
493332
493341
493349
493359
493394
493402
493412
493501
493516
493539
493611
493620
493634
493642
493646
493662
493684
493760
493781
493789
493801
493822
493836
493865
493872
493893
493927
493947
494026
494052
494118
494234
494253
494265
494274
494280
494294
494349
494358
494369
494393
494430
494484
494540
494550
494552
494580
494590
494611
494636
494646
494739
494746
494758
494772
494830
494837
494845
494848
494865
494897
494904
494920
494928
494938
494948
494959
494983
495004
495012
495028
495040
495052
495056
495070
495083
495101
495123
495163
495174
495232
495259
495304
495340
495353
495361
495386
495391
495396
495414
495426
495460
495469
495541
495558
495563
495620
495662
495678
495709
495721
495752
495779
495820
495828
495866
495879
495895
495905
495918
495938
495948
495950
495959
495967
496054
496062
496085
496141
496153
496187
496199
496239
496243
496264
496275
496295
496328
496341
496389
496463
496471
496478
496557
496605
496639
496701
496709
496718
496731
496752
496881
496895
496898
496928
496936
496945
496961
496992
497008
497049
497078
497138
497144
497150
497159
497214
497224
497236
497241
497268
497277
497326
497332
497345
497379
497456
497477
497496
497556
497577
497598
497609
497639
497666
497722
497735
497748
497753
497791
497833
497841
497907
497930
497989
497998
498051
498109
498197
498263
498275
498301
498317
498328
498335
498419
498437
498446
498587
498593
498605
498621
498641
498648
498652
498682
498689
498698
498764
498801
498812
498865
498877
498941
499014
499029
499071
499080
499101
499151
499182
499190
499205
499241
499245
499284
499351
499376
499394
499436
499448
499463
499470
499481
499548
499559
499574
499613
499623
499637
499672
499685
499720
499744
499761
499772
499807
499846
499876
499964
499967
499986
500026
500061
500066
500072
500079
500104
500129
500142
500168
500181
500229
500254
500263
500302
500332
500376
500399
500406
500452
500460
500467
500498
500506
500507
500522
500552
500592
500608
500626
500635
500824
500863
500911
500923
500992
501025
501129
501185
501291
501301
501334
501341
501355
501371
501377
501516
501590
501618
501653
501711
501723
501738
501750
501801
501866
501888
501897
502024
502028
502132
502164
502181
502192
502206
502213
502233
502339
502365
502409
502420
502464
502473
502539
502551
502749
502783
502884
502918
503031
503036
503057
503065
503120
503184
503189
503265
503372
503382
503406
503520
503609
503663
503750
503777
503787
503792
503884
503896
503902
503924
503931
504003
504014
504023
504058
504088
504099
504177
504185
504194
504222
504231
504307
504329
504344
504420
504434
504517
504523
504549
504576
504640
504661
504696
504699
504703
504714
504781
504798
504801
504878
504885
504914
505074
505085
505102
505253
505275
505307
505330
505379
505427
505453
505477
505550
505604
505677
505722
505951
505962
506064
506140
506252
506275
506286
506290
506301
506316
506388
506495
506591
506638
506656
506661
506796
506840
506913
506973
507008
507020
507180
507284
507298
507365
507450
507537
507602
507634
507670
507715
507869
507875
507912
508034
508063
508071
508079
508127
508134
508146
508187
508198
508223
508331
508358
508364
508387
508395
508540
508549
508618
508628
508648
508790
508808
508815
508865
508874
508886
508894
508904
508922
509089
509099
509197
509283
509307
509335
509362
509561
509660
509699
509706
509740
509805
509857
509893
509994
510081
510089
510126
510148
510359
510421
510533
510565
510599
510710
510736
510792
510812
510844
510871
510888
510907
510974
511090
511108
511165
511368
511398
511436
511444
511546
511792
511812
511855
511897
511963
511982
512172
512180
512233
512293
512475
512508
512513
512561
512624
512686
512691
512716
512787
512978
513068
513084
513180
513322
513340
513491
513524
513553
513617
513640
513658
513757
513979
513984
514207
514253
514700
514770
514812
514846
514879
514893
514944
515232
515238
515309
515347
515357
515777
516491
516525
516556
516839
517016
517321
517344
517486
517542
517617
517702
517794
517956
517994
518323
518358
518438
518715
518759
519747
520188
520742
520784
521231
521254
521420
521442
521879
521913
521931
522517
522537
523126
524084
524223
524364
524679
525000
525174
525252
525516
525710
526410
526649
527368
527538
527544
527992
529353
530404
530529
532127
532881
533633
534166
538541
543284
544386
547014
547179
549488
578347
