44
65
78
79
16962
16968
16990
17015
30461
30462
30477
30496
41135
51829
59436
73683
73696
73700
80769
86193
86198
86212
93172
93190
99156
110581
114302
114306
120629
123781
123790
132707
135306
144547
149089
150862
154963
163941
165891
165905
170090
173539
179009
182236
188239
191221
194306
198179
198186
199144
206716
210747
214814
218653
219709
223489
228509
230997
239610
240029
240776
241416
251935
260468
264820
267213
269758
270864
273742
275172
275498
276190
276191
278701
279485
281898
282198
282200
283109
284560
284922
290468
292000
292860
294062
296236
296797
296799
298936
302606
303671
305107
309724
320379
323213
326929
328957
333169
333374
339612
341618
343098
345614
347656
348496
351170
359185
360217
370461
374071
382922
387053
392351
393722
397889
415292
419288
422713
424649
428175
431933
437558
445451
